32.2916043311
29.2569126857
36.0596455057
27.1942556509
31.1598269824
31.922740971
27.3939289661
27.3306407485
28.4064246047
27.0070106785
22.8809727794
22.6406613647
21.8358074061
22.921448675
26.1321491346
24.3337854824
13.5551788737
21.9552602871
18.9957143331
21.3045896062
17.2686244826
21.1869925619
21.3833488658
19.4685127499
21.6192998335
21.0203805798
16.2559305829
19.506255952
19.6518353524
19.8903289214
19.8211117708
19.2791674437
19.0847989497
18.5477468472
19.5150340754
16.9899291881
18.1289627119
20.6319950333
17.6256158431
19.456666735
16.8414345034
18.7016814918
18.111056623
17.0880201933
18.1799386728
20.0897873428
19.0167727474
20.1669765006
19.4086292969
21.1150282373
17.9955330163
17.9718338055
21.036848051
18.6711529124
19.6514432952
16.0181446172
19.4767264755
19.3091042072
15.0280522208
14.2841425693
16.0305967582
19.9786491999
16.3512219702
17.990477684
17.9834976726
14.2008291929
15.7394045588
19.3926767227
16.5628846324
17.4918702047
18.2204358433
18.0353080595
17.2414844138
17.164598675
17.9748566395
14.9838310414
19.228399241
16.8090787901
16.8145732763
16.6047730957
19.1529253298
17.5492290958
17.5818678001
17.647176993
15.735603541
17.0873507747
15.6565110675
18.9639499389
16.5506226608
18.5325922178
11.3954245163
17.8209733695
19.549943913
19.3593223177
17.148107875
14.3322102065
15.6594011223
18.5040001864
16.2591186063
18.7502261657
18.4951740732
18.1925242845
18.045316327
16.843831357
18.7485123507
17.4526397096
18.1151910947
17.5212481061
14.3371247319
17.6462682652
15.8675209337
14.7550358945
18.3587583064
15.8131201844
17.292300029
18.0210579892
13.6873949972
16.9753285581
19.803197458
18.9481179364
15.6657095019
18.699343596
19.7061627887
17.9206106525
18.2439762344
17.1180351523
16.3175259054
15.8522936787
15.3233692243
16.272980082
18.9175968252
18.4572441385
17.028731458
15.6009869812
18.7911502698
16.3133244952
14.0023607806
19.6581637219
17.6847239557
18.1035978756
15.7301945946
17.981928827
16.7256244474
18.4261215572
14.7495098287
18.658376512
18.133848428
15.9006041565
11.9810730619
17.1217128916
18.6125087114
14.1434291884
16.586556689
14.3176110524
17.398887635
17.7041543215
16.6523927358
18.6856157564
15.2502996786
14.9626253834
15.5500623521
16.0440146659
15.2365225158
13.971094247
18.0650800459
15.8801687251
17.8683319066
18.128375232
16.6940952879
16.5561150181
12.1797035977
11.092158127
17.1841455942
16.0600151032
17.373680808
15.9951645187
15.3434220871
17.0893233995
16.2935518348
16.1823811221
15.1690352022
18.2817914217
12.7550725596
17.8131877455
17.0059853882
17.7120530932
15.945834492
17.6661734285
18.6380050646
12.6344860098
15.6178314747
14.353781788
15.9038829551
16.9690482271
17.7416740983
17.800955576
16.9274167862
15.2647958973
14.238634348
13.9794526447
16.5862913724
17.0838432672
17.320374516
16.1946448494
16.4853107473
16.4064166239
12.5632139774
15.725358647
11.7941715781
16.6277980977
16.6335068813
18.2622625713
16.2340979351
17.1398566053
15.2601634788
16.6863942145
15.7630121628
16.0960536526
13.4229370578
16.0400282749
17.3628646227
16.3119558853
13.8322960461
13.6303463889
16.8550379858
14.8232238048
17.2070663266
17.1716083878
14.9760806448
16.5676814693
15.7884967733
16.8050394728
12.241831172
14.8634214748
15.575690662
19.3590600597
13.3596540712
13.746913639
15.0743318267
13.9736281133
16.3320812994
15.9823995485
16.5879782404
16.954932124
16.2638258126
16.4872044299
14.4588970822
12.4768986545
15.4629717721
13.93806584
15.8192915378
15.5709533504
16.9815892711
15.0336025965
14.9101625788
15.0908420357
16.1422363328
14.5217008636
16.4356816975
15.0535675408
15.6800851742
13.0145797731
11.4262526907
16.4861976022
13.9684592653
11.9349080927
12.4402373329
13.381742312
16.2359245028
17.3911087205
16.0857060542
16.1487489719
16.7510768793
15.9575148143
16.0556159702
12.7181325403
14.8956607033
13.9012873376
15.3429915831
13.6551631741
15.3085886722
15.1934130449
17.8936003854
15.658008702
14.3294972639
12.6426441425
14.9255504362
12.3595910554
14.6227332448
13.5736328222
14.7759621103
15.194934529
14.0225362019
13.0109968494
14.0652713359
14.2254461519
15.9328581638
15.8861837547
11.4301493062
13.7906823252
14.4208343848
11.5728629048
12.4185735898
14.0118492013
15.4893749753
11.0514862008
11.842038156
13.7102764182
14.216212613
16.8480015878
14.1897569788
12.7227403853
9.1535583713
14.310955561
12.0075112959
11.4140099843
11.6778119578
14.8105577681
12.0197302391
15.0088882198
14.5317800482
17.6900668452
12.653867299
15.4129151465
14.0006102539
8.53094123262
15.4161598514
12.9267733012
17.8343529807
11.6067348598
14.2053965955
17.0065741295
11.8130865059
11.7260889558
13.6575826871
15.0473274598
14.5019135015
16.9365729736
16.3028331044
14.5553078884
16.0163958394
12.5564442804
14.7444068217
13.4994625352
15.7478627293
13.5038503064
14.461510928
16.8419367244
7.68198601534
15.6474019921
11.8314238881
13.4585431077
14.986976908
15.0304476328
11.811610132
16.1166533492
15.3056407105
13.6198075668
13.5160452802
14.0871584358
17.0666667023
13.5369131641
14.8414327782
15.6268226553
14.4163631348
15.0452713126
14.5178130648
14.8191116593
14.6397110037
12.824942988
13.8326850594
13.4361436999
14.5147731362
10.5470028789
7.57140357431
12.4990803232
13.6241349835
14.672270857
13.9388195077
11.7831952961
14.0079434795
12.8149636936
10.102595303
11.1265597139
14.7547702799
12.6430142588
14.1545209573
12.3587676222
14.5329077142
15.7045579984
15.0710403557
16.9126932376
14.4351060727
13.0719299394
13.7344254393
6.60149170362
12.9411417606
9.93638165554
8.29024459361
11.2764780913
13.8786671532
12.3490142527
14.9965719931
14.7278405571
14.1126020003
13.830248176
15.7083842239
13.6249186446
11.1234615361
13.4879438128
11.8046446412
13.3311388628
12.7005831638
11.4909701737
15.0439630481
12.515481303
13.9224418497
11.0977208551
14.923358304
13.9384944071
12.6469157897
14.4154321089
11.592122074
14.0076395532
7.74208971319
11.7817210529
11.7091764413
11.5699974602
15.6565860186
8.75811605243
15.1074903996
12.5220340314
13.7133567495
12.7138300276
14.3498864999
14.1278065925
10.4462041083
13.7961517209
13.632345104
16.9715549379
12.6657070956
12.7000166207
12.4715635094
12.2978356553
12.4784364016
9.45627027838
13.3904117342
9.34558744093
12.376024168
13.7683744028
13.2512123003
14.0800659329
15.2670932457
14.9319000746
15.2608102054
14.781985119
9.51754052335
11.9733398902
6.22376438468
10.2983742884
10.6731048302
13.4931406551
12.1713517285
10.3883881589
11.2489549202
12.8682444566
11.0856344921
13.0598327164
12.8396423562
12.5410046085
12.1195060885
10.7450026216
12.890700285
13.2574033092
13.0643849118
14.097140124
9.90559910302
11.8941092921
13.9105269628
14.2345766558
13.8018528075
15.6626919038
14.0368439884
14.2110469909
13.4198563017
11.8303340955
9.79844585625
14.9724914882
11.5442121511
14.479699345
14.27942366
13.2745944528
13.3083247435
14.9039662886
13.9405017577
12.9585193258
10.6784578714
12.7781835352
15.6174614847
11.126798931
11.8191977748
10.3328467749
12.5118116127
10.8089951505
12.9398604915
12.2399228867
12.4165420027
10.042095869
16.1013389264
11.6700613142
11.9300242024
12.5016410356
15.0013097154
14.7225887672
11.1343929213
13.6103520548
12.1272164479
14.199876627
13.8514605912
15.6127804697
11.5354733195
11.7579528348
13.8640473123
14.4968385408
15.4115253503
13.8043716331
9.98020204402
12.4968974556
8.11976571359
11.4572656939
13.3726579622
12.9164921365
15.6628292197
12.0767874676
12.9616738117
14.1998325624
11.2256683451
8.82747599326
13.0357208676
16.4924034264
11.0417699017
9.91011099347
10.9411931778
14.8701144913
10.2709166305
13.3211813727
12.971463462
13.6008566742
13.4298046593
12.7935985213
14.9496266442
13.6127773875
11.5990678901
11.532001925
15.0867859216
12.1250613862
13.5621321637
11.1528192622
11.0662803516
13.4993363521
12.8982202988
15.6164135553
14.0949443965
13.516183641
10.799429955
13.6474629988
12.3809913274
13.1287680009
12.8884856772
14.1059908332
11.9939826547
14.0040359015
14.9030210348
13.6591063171
14.4870342755
11.1965243056
14.017707562
12.6044653894
13.3639081455
13.149848054
10.949812843
12.5722438516
13.4204516859
12.8098442898
12.4227530205
14.743619728
14.1169588855
9.42873904908
13.3489867736
13.6859276091
8.13202090588
13.0760638057
13.2088050293
11.8636777857
13.8387471455
12.2883714068
10.0315699199
14.3404784599
9.11913848404
13.092671472
14.1369053594
9.24785359574
12.8105813708
12.1856114845
10.7962139261
12.8395174691
13.7529010045
10.7479347587
11.8212705009
11.3966502728
10.2388240079
9.91766906916
10.7284981416
7.48124204303
10.5627586234
12.3731790909
12.6739420899
8.98731759507
12.3036767369
11.9763486742
14.7278862791
13.255965403
14.0603923042
10.4339619541
12.5721614146
10.9803970237
9.45913736726
12.8358747078
12.9582219877
11.9309272918
12.8080354171
13.2790055465
14.2469891136
11.913662755
12.4587367583
10.4819766598
12.6112230336
12.1927646655
12.8362447197
14.3867072744
12.0393201827
8.80516775098
12.3935771681
12.2992130921
12.0539955915
12.8573507366
9.80268360105
13.5894830786
12.2941029881
11.0724934996
12.705713812
12.6156040355
11.9314871458
10.4514349472
11.0549067305
10.7207402975
12.6950673393
13.185893574
12.8242530565
9.6378442838
12.1256784571
11.8889381718
11.5762932773
10.7153038718
7.86701706735
9.37658952547
12.7329751805
11.1261174765
12.2476803843
13.6869732776
9.53989631556
10.4564383895
8.39881663156
8.6518567042
11.2717609141
11.394617909
11.3803957399
9.50995177384
9.35718964838
11.7169923281
13.7528110215
8.14230164332
10.5204544203
11.5744754806
12.4575540057
11.7049442177
11.7752882005
13.5428052136
11.8855338216
10.6528596472
13.2307992327
11.6973177646
13.0914104898
11.2577634871
11.7370459086
12.8790337762
14.9018034422
12.2981171481
8.38698233605
12.1866900138
11.9490718203
7.68764291088
8.14437380541
12.8866809243
12.950026126
10.8130284988
12.1506218602
11.7916618696
13.2103711657
9.38024930424
13.1791810882
13.0946541361
9.58160587736
8.5918995715
8.40966598806
7.52735984059
11.6097520197
11.5717358509
12.3422764618
12.3088078483
8.94176905169
12.3999425816
10.1952855702
10.303267845
9.6360862482
13.561489978
13.0004128602
9.6588393371
13.312837417
11.4328137134
9.33410027534
9.73692661396
11.3754009235
10.2319700109
10.7023886538
9.40689635656
11.5717153405
11.6445641409
14.5206563456
9.97677463454
12.3936278357
12.4370346846
13.7746576802
10.388145953
13.3002481183
12.2161276597
12.2157151175
10.7896795881
10.6594238874
8.42208135043
9.37180515061
14.3058755974
13.7984915992
12.1299255325
8.99081463747
13.9733450135
12.5184807646
12.6395321313
9.53588045667
9.41428507408
11.0233383923
10.2337643178
11.0094292313
12.1099963122
12.3357331282
11.2565160889
12.5465750651
12.7742206202
11.0114864568
6.92702583479
14.2766620387
10.9449312401
6.88888100466
12.4320702908
11.4774096489
12.0605965765
12.0796406531
10.9730681441
13.8664359794
12.8159678431
10.6668652388
14.9862005659
8.50062438932
12.4931130659
9.53318891228
12.1140584428
11.896774366
10.5827362876
10.2032063777
13.3033856268
10.709271168
11.9119521049
11.5764058569
11.2418826964
11.4299037606
11.264453068
10.5925656948
8.95295460737
9.83090402895
9.96624833747
11.9204468427
11.7007779692
14.2221299129
11.1817175641
9.60992813087
12.1948907643
9.47932549119
11.8600880018
9.06527304026
10.3821563283
13.5178525159
12.3403017367
12.613070238
12.137429009
11.649581928
13.3586524677
12.9238643567
7.07267874311
7.90107642835
10.5886524229
10.9845214997
12.4318013171
12.3494946798
12.3020406575
8.86442622528
8.81714788586
12.2246871353
10.3526351064
12.0533646924
13.3030313263
10.7862145579
11.1970310197
12.0475504776
8.6375125837
10.8974361548
10.4069502162
11.9996981953
12.0832157775
11.8486085306
9.63767241818
10.9865114499
9.29315400578
10.117578
11.0511623335
12.5242625618
11.0000950521
8.84194675087
11.3907163041
11.7690991731
11.8587217179
9.82492252209
9.34777249137
8.98478354414
10.7260386265
10.5422335509
12.9306470541
9.95002754936
11.6921919216
11.4005382367
8.09731331206
9.62367444368
9.01251266851
8.28340181263
11.8848926823
10.3729516656
11.6709747046
10.8466907802
10.5279133942
11.9172697198
11.1922117895
8.59883483091
10.5191153628
10.7098733998
13.8461893564
12.5953479894
12.081273781
8.62041404853
7.7958708539
14.2508113171
14.575302595
9.85177088765
11.1687637198
11.5587226174
12.7128063438
12.9637251431
10.0418577165
8.81546603025
7.85398032793
12.3566026822
9.94016972986
9.65887361135
12.8468814655
9.31894701571
9.17056622816
13.0366272345
8.74920627966
12.9903443935
10.3485429113
8.30201971172
11.0722687688
11.5270907965
11.5037671859
9.15404584632
10.403295875
11.785334854
9.10192288399
13.9239780405
9.27736029459
10.4993713769
10.8949550531
11.2725391584
9.45205353082
10.8397811923
10.4716138112
12.3490123274
8.31170407669
11.9838239087
11.2497838904
8.21513232076
11.950326465
10.5519470924
9.27221633874
9.35443364026
10.2947518199
8.26633723861
13.8874060265
9.09604759445
11.2577028176
8.89564963318
11.5847749007
12.974778004
9.97886807639
10.4636324155
9.82755411208
13.1367952814
10.3570971561
12.4078269144
11.3517561812
9.35810933216
10.538244398
11.1838832558
13.7155447395
10.9613195087
8.6243280429
9.31120930031
9.47684672678
11.14607651
10.0067355858
13.2346954386
10.9204360088
7.99879750989
11.1361801349
9.40422290959
8.00022174833
10.670854792
8.34000243609
11.241669295
8.90270542436
8.20079432602
12.9766095965
10.9815114037
9.552095766
12.8855979585
9.95000409197
8.63726902406
8.80760037279
8.34369627249
7.19864751404
7.91143863266
12.9473156834
12.9991492681
7.92618916783
11.4129692104
11.8252122545
12.5826561944
12.3145717549
10.0131088071
10.421976357
9.05972530848
12.6305098364
8.22203940825
9.59315121218
10.4325740291
12.0698574739
11.6632543134
9.85625902306
13.5358342919
10.1541554589
12.6648690934
12.3764250092
8.70642790997
12.2676879249
15.4123729909
9.48827396699
8.78626822469
9.66748493315
13.6027593175
8.34490655106
8.98733114657
12.0419924853
9.57557141325
12.5137288835
10.6066552344
12.0715184774
12.7729699761
8.16295857784
10.2508257805
8.22128878205
10.9539292002
9.77772539654
10.9717740914
9.12755843564
7.95901120519
8.12727697142
12.9406410762
11.2644165204
11.7254279223
11.0447574783
8.99960791077
10.6765954319
9.76922321403
8.46362913324
11.6623323188
11.3228923347
11.9868261898
8.83912248747
11.3590384457
11.1457480674
8.06747969878
9.00259029194
7.68255857103
11.1326146803
9.77661847368
13.154067893
8.02767724375
12.468427511
11.2651815457
6.58204202287
12.1305959074
10.4140594001
10.5736468973
8.20436394722
11.2333910274
8.25124186423
11.1742457518
7.44333805264
9.80450095324
10.9603966128
10.8394146109
10.6191045275
12.3499328188
10.7598166899
11.5261154177
7.22418693151
6.9925436054
10.5253139914
11.7616167244
9.8935948383
9.28781445954
9.82968323771
11.343007367
12.8444355674
11.0607517239
10.5916616454
11.6853822706
12.0106277597
9.91840216734
10.7043948683
9.0563895033
10.9906912745
10.918198181
8.8072291069
10.3120464287
9.00501426385
11.0299751071
10.3606428903
8.4062933957
10.3219019836
9.53039898854
10.3435164171
9.31076010938
9.47203153553
8.68753250644
7.8429564394
9.05248472892
10.9963178367
11.4301913121
10.457602902
8.10433566182
11.1860274697
12.6512184244
7.35091361473
11.1336548634
8.77629087499
8.43833016018
11.6780687147
10.2167388847
9.97148406508
11.2249039793
8.40044298651
10.6190640102
8.14474644967
8.5734528172
10.5904856984
9.22976134833
11.802890669
9.04089938557
10.9272433239
10.9976517783
11.6512801021
8.95277196782
12.7206203748
7.45174621888
8.04138442215
11.0988679888
8.02131536778
9.75884511146
8.32792901481
10.1770445035
11.3065613095
6.35490505766
10.1719793813
10.2259643883
9.77570150721
8.7209355742
8.93500107731
8.60890852747
9.11483035824
9.99503426139
8.26264719715
6.65787123865
11.6140387393
11.6850236219
11.9589367511
8.8185042813
10.3149878303
9.43026132416
9.7080903552
9.68487134773
9.16725255255
10.5352634256
10.1497021497
11.6627310552
10.8491470407
6.83714038742
11.8079650419
9.68245898458
9.85437025875
8.56774077951
11.8325838807
8.4192418962
10.9899204864
6.38250344911
12.7055200581
11.8706756802
8.728888209
11.350848086
10.8236012143
11.7511730488
11.1149467285
10.7567614296
10.2958354745
8.49336165923
10.0435769321
8.97708446371
9.49717001228
10.4071933745
8.96574515101
13.0829765412
6.92117048948
9.88177333257
10.6756506594
10.7210952341
9.91977962975
6.78728589267
10.0264176818
10.4059077686
6.26228821922
8.74074513521
8.51520539062
8.40413059862
9.7742885177
10.0671761519
7.75171318926
10.6782673871
9.51355945969
10.1397265179
10.0463762285
8.73584002079
6.94812369522
11.2775752604
8.18806576553
10.3580943617
9.21324934842
10.5004604626
11.6475320665
11.1877431262
10.1478878189
9.56635910454
10.1258768913
9.22679376331
8.886278459
10.4643874244
11.9188009357
12.1642066552
9.58057473626
9.45453264155
7.91194046219
10.4186898032
9.91460914268
11.4651432654
11.9727496723
12.6252033836
10.2616328391
5.31895592102
8.66098938669
8.87744581409
8.61397968359
10.1499833058
7.45217442936
8.62959888294
10.3560032201
9.68515956909
10.7535538052
8.3797674688
10.0772483688
12.2487318274
10.4806984206
9.50606624949
9.35091640846
10.359567209
9.88679367619
8.82399678678
10.3654808081
10.3784111984
8.99602130995
11.5691210352
12.1352828829
10.8206237236
9.14726140799
9.69954108745
9.7255852924
9.53317853616
9.64770729432
11.0482942371
10.6371942106
10.1011871872
9.3541754322
7.79937721136
10.3476115436
7.98812144863
10.9518308876
9.9643571242
7.39226435257
9.5945453281
11.5931813874
8.32668075466
12.3054207858
9.60275558032
8.3878628914
11.8120291817
8.70226911479
10.5533276019
9.45367462392
8.98601727958
9.11374807897
8.73945522498
11.8473890099
7.12202271873
9.5107070444
7.37537666761
9.60435898361
6.66240033348
9.12220986909
8.76121739716
12.2532010312
9.78127591773
8.61222082665
11.5094591799
7.668364842
7.58602861978
11.0636089829
7.48322287622
8.27067373711
9.70627099396
8.62379614147
11.0294715352
10.1414251351
6.77763317515
10.262535638
11.7696979533
10.220591835
11.2530896572
8.11780330014
10.2547332107
9.18833321422
10.465711353
11.3503020884
6.81829016883
9.93505421146
10.822713101
11.3333927247
10.481116255
7.55022489327
7.95110816037
12.1118351127
10.2878301487
10.0112285991
9.22992471948
6.92513901718
9.49075167976
9.61929954577
6.58325057409
7.22161000161
6.41963174832
10.0636224772
7.53258010297
9.73542298627
8.4295833507
10.1636993564
9.29408965689
8.61635279228
11.3044877381
6.8142409837
9.76781371087
8.52983407822
9.62323366687
9.84978803304
9.62261186243
8.19705876844
9.40865804453
8.28429438425
10.6676001533
8.89277724241
8.52941603082
8.59799994173
7.39385999138
10.9526773074
8.07479162344
6.73643319222
7.36883752926
9.51392995115
10.6874963787
10.2265920123
8.25972284343
10.4093557193
7.09666865795
10.1528058198
7.73852942977
11.246705057
10.0805769284
11.3068616283
9.60456639334
10.41736209
8.79929153469
10.7747050445
9.79468832621
8.62286194899
9.87807283345
11.4278090625
5.76459326714
9.74517708782
10.720183504
8.89225290411
9.92470987196
6.68147460059
7.28327482028
10.432807404
7.88056391925
8.79557774202
8.23379165009
12.0139730713
8.01242422261
6.85931190069
8.36297543788
9.08506528619
7.57325663026
9.607579844
8.76196865346
10.3703717135
9.49974994578
8.87316412237
10.7452693686
8.785627485
8.24145003566
8.86497734068
8.39999920466
6.71900956827
7.57514434012
9.87165730388
9.27637514855
8.69610075884
10.1146054251
9.68837627139
10.510509827
10.2558406093
10.3272948364
10.0419874634
8.99823468229
10.9057962438
10.7551115019
8.43864814121
6.99372511074
8.78192295495
9.30157072434
10.5272116793
11.1975353895
9.55365624257
8.68085375959
6.92999762364
10.0532637075
9.35757915921
8.26732506752
9.82262899496
8.52937692426
7.52143650958
8.84815545925
11.3557616985
8.75830231349
9.89399873519
6.41946366198
9.44652573842
10.1183911257
9.01396918979
6.62282044035
10.7244113524
6.84246355492
6.8288120165
9.11402718051
11.2399783501
9.45514476949
8.61029861026
10.0049562241
8.38395538629
6.72163100368
8.08715542796
9.68681723213
8.74713004959
10.9551788648
8.86132441768
9.62390641587
9.30022772388
10.5672959756
10.9136772976
9.91484470499
9.4450143139
10.3355946184
7.82871825203
7.88761921238
9.49304197035
8.83014003513
10.3558763653
8.41692220437
10.1653530021
12.0967480197
11.7004958648
10.7422853997
9.27959171794
8.62107422215
8.94226635749
9.97734136813
9.95930578034
9.01091240734
9.78186390684
9.22033763875
9.93908870486
9.86353703428
11.8615828373
11.2913898269
8.31361079357
8.62131399789
8.88402557635
9.67637099669
10.3005073688
9.13512268257
9.86692768955
9.37007753057
9.74928263251
10.422693003
8.0010729116
8.00534340614
8.25681100695
11.251302818
12.176865006
10.671276565
9.41829960515
9.16277126715
7.66363903764
8.11833528032
7.64669120835
8.68628069062
9.41765906122
9.18183786266
9.20141295531
9.22835089692
10.2035751074
9.36106905082
8.93412204348
6.19863750763
8.49020760274
6.9072703163
8.29501871922
8.86455449739
8.91167672627
10.080598097
10.1007040533
9.25514533793
8.94669169641
8.840002872
9.14150992831
9.76184367622
8.59517728538
8.2279567631
11.6118220954
9.28539075241
9.52989627615
9.77387183951
10.0265180347
10.0898166455
10.2357548411
9.59969772059
9.37663849448
9.71787765703
11.3165215886
10.9282657713
7.24373371811
7.16083363296
8.87795953536
10.3174854633
8.90348692132
13.0005770062
10.0707075066
9.82921583772
9.21082917122
10.1061042954
10.7884643561
11.5887250805
6.71350621129
11.6377572826
6.69422603172
8.35082759448
12.8889966313
9.51088544015
10.7020176024
11.2341154764
7.80265048532
9.24529111449
10.6747145063
10.9147465799
10.3768200758
8.58398111812
8.81039346568
7.63847654583
9.31564810875
9.38787100091
8.3206422243
7.96347462375
10.9861493588
10.3687715215
10.1491955734
9.33154279069
11.1633613297
11.9257484529
8.00163017162
12.0920880911
6.66098285309
8.52551543257
10.1312026962
9.37737798546
9.37993290914
9.69787045867
8.96116464073
6.50208534802
6.88475481796
7.23017132166
7.20922279424
9.46174736979
8.33753953815
8.88882793709
8.84209266843
9.52205272432
11.9136190741
11.3111395136
5.5531165241
6.65325721187
8.9275256066
9.08677403568
9.04332321066
8.75688609729
8.99310076541
9.0352603094
10.1709947756
6.85878339824
8.28198389497
10.2404664162
6.34855472261
10.2833154838
9.92214035157
7.48848220678
7.22469188364
8.98905876419
9.12254587568
7.41137088211
7.41228712395
9.01898641843
7.84677023664
9.2131355419
8.35357665845
9.41104379086
10.1521270199
10.0426303465
9.07464686493
6.40713881504
10.9652143145
10.8784894608
7.94402466771
5.77719652755
9.42594734609
8.90694969642
9.32474667702
8.25653826666
8.59776711125
9.34020200154
8.61178537264
8.24378113996
10.1172579642
8.13351537744
8.06514529327
11.3223501524
9.08889971005
8.84549213105
7.4876055755
8.21789911698
9.41035572632
7.58997458153
9.38897098901
12.0271515095
9.55789678592
8.19130480476
8.71215087958
8.80384675734
8.4138886654
10.0495800216
8.87124440331
8.58312656943
9.28138152276
8.16792850705
7.60516993416
7.17726696859
8.23102404406
9.52247189998
6.87384472413
9.28766013561
10.0163398556
10.9525071503
10.4787783743
9.19568796956
8.43442328785
8.03816600715
8.57798706562
10.3071239481
6.65577501605
9.54239321635
9.39558832097
9.7435973878
6.40965048422
8.94808827348
9.64202120831
7.88229896902
9.86377410217
9.39349533942
8.9440653192
10.4517840039
8.83526792948
10.6742555913
9.00057970697
10.4486585079
9.27412867062
9.95120603872
9.11959169151
9.77453265319
6.95944735252
9.31534113681
10.3286313936
8.87295580307
11.9043949893
9.02699041186
10.6184247009
9.85659054081
10.3484019326
9.39094963942
9.28222409743
8.36472700619
11.1093339478
6.99437727784
9.23551499612
12.5362794822
11.2575883294
10.3720805203
10.413530058
9.68541986806
10.5970095782
7.54298142267
11.07617031
11.949956525
8.65571198983
8.59231521513
9.8695506036
10.0635284938
10.9672388197
10.525626109
9.00364412268
8.24214716563
11.0216969765
10.1827015821
8.79709649886
9.17518244484
9.69763827128
10.7979821378
9.67087455358
8.15476941371
9.21792616571
7.3107847677
7.51789511085
9.27180449174
6.6060520254
7.66273985387
7.86969407201
8.95683209128
10.2214247131
8.25915958171
8.82446346504
10.722228622
9.47536882252
9.66860249891
9.32852015183
9.79285728279
7.53472403577
10.0773069551
10.1245449692
8.28033284145
7.80647663892
7.87747341898
7.48191085437
10.2888459536
10.2414902759
9.3405047732
9.17575218472
7.96032630629
8.63130242532
7.14839565503
8.44534338571
7.96535254812
8.431956237
6.29597343402
9.01415866187
10.3561708155
8.94538935843
9.63681895913
10.9559128165
8.98295333439
6.63826341575
8.28280912013
8.37623378812
6.89950634911
8.81272371656
8.10739115426
8.19835605252
8.49932652825
10.1949108705
9.66325189336
9.21177728414
6.30858195012
8.46476517224
8.33138621294
9.25819624212
7.13597337016
6.71854449738
6.13275104393
7.68994023055
6.01935671286
8.69260669998
8.60915869847
8.48696963649
10.2295201286
8.47093665337
8.45899691726
7.4496797262
9.68294172588
9.4894625115
9.87933842642
6.76444003093
9.45410952126
8.79468277073
8.00117820763
8.22401474319
9.89873592541
8.98234054224
11.4837048062
8.12736249383
8.11055106353
9.56878425201
8.80250160507
8.75415253265
9.45959072273
7.55243027554
8.91887128582
10.1017555884
10.3672004018
6.07316840721
9.11884351334
10.958840752
8.25858603609
10.0497800176
7.19680435396
7.84622995379
7.21607629235
8.28031393834
9.24079419333
11.3182506102
9.55452689169
6.37322656539
9.82988515929
6.95514850152
10.9936391127
10.7734186372
9.40630049694
6.74339810052
8.95927343761
8.53795500275
9.67168542399
8.32604948174
8.54716171913
6.38055570144
7.66979753647
7.78337938445
4.8843740525
9.72245836241
10.3453384329
8.08538752569
10.0259535988
8.54161947822
8.66795725553
11.8042438994
7.30817129393
8.33478264617
6.6552604003
10.1530793705
7.89572419479
7.38519459642
8.19202804668
8.96511786616
9.13673989525
8.57895698604
8.79019720256
8.50815935937
7.40445028561
9.36410617431
7.53848748152
9.56578939419
8.69431721656
9.20131692416
9.31647879242
7.66437459184
9.98360864067
6.97360308791
7.93845948494
9.15316801086
8.89723080385
11.9768142608
8.12499760517
10.1218090613
8.03669320215
9.56460331034
9.64674898325
10.0026671309
9.17750297251
7.16702100331
8.16020061224
9.37464928128
6.27939410762
9.77842282829
6.95871305942
8.39179328611
7.2885603057
9.08583251891
7.45942618105
7.97022724481
9.63683908815
9.57889941211
9.34460660039
8.22506965267
9.18288940342
10.6470437652
9.18468736954
9.23362761621
6.10637847547
8.45819505508
7.87365806819
8.67770986764
5.87353616366
8.30748957701
6.17912843116
6.90464844637
8.58412592524
8.66695689079
9.94923604386
8.45461623452
9.44564976687
7.79341646411
8.47691189923
7.66198219889
9.26217737393
9.14195730662
9.90109964516
8.21432626904
8.63078329411
7.98518310383
7.92721389755
9.16119978136
7.92179238219
7.92918314519
8.66852546521
7.92438631988
8.69265275354
5.88949690335
8.59432592681
5.20953095738
9.43652217512
9.29962586802
8.36762685006
9.26300445245
10.9745937115
6.51932188103
6.58558687902
7.95619728926
9.28961781977
10.224480362
8.88404474502
8.06889607749
9.14354052147
9.23097929339
10.6906530288
6.28052816247
7.5682279921
7.18831891882
9.80229740379
8.18896312735
8.43582444803
9.93227222333
10.047328698
8.65490427554
6.60608687035
7.98392423653
7.45848307063
7.92971457618
7.2207749256
8.41458456775
7.85940883489
8.215500864
6.95134636946
7.81245247409
7.28095233107
8.58120400359
9.64662303166
9.87061664105
9.28509439692
10.6684236032
7.48227858731
9.61979354857
7.89993093925
8.31411376162
10.777600355
8.43563212356
9.48756466185
10.7414417806
7.12190735047
8.30710112569
8.7827127981
7.55304491478
9.09589575043
8.2832621851
9.63258662064
9.81281188563
10.5112572681
7.57111715228
8.60785295821
6.97469059745
8.08520080617
8.74654852467
8.53314839425
9.36219140297
8.94144778923
6.65188801947
7.98246035481
7.35213459561
8.38929841805
9.16142171129
11.1819380886
10.8561732326
8.82337042222
10.3606435229
6.58540738812
6.20913488691
8.02008798511
9.23088267917
9.22293621228
8.15382753834
8.5739433766
7.62893753864
8.29065842942
6.64350384091
8.79980222925
7.92033231868
10.0026027545
7.52221914392
6.72032367278
8.60084776022
8.64223938265
8.48999794392
8.49777053644
7.64066272968
8.29661117149
8.50463276727
9.15016586165
10.9619907743
7.41656221793
9.06794148299
9.94631919999
7.20451891176
7.9644766911
6.25337656046
6.61163744855
7.36612957763
8.5289430245
9.36182601648
8.980790184
10.1854391659
7.38163428232
6.95304565931
6.72627446368
10.4594306022
8.46213355438
7.16691148451
8.41484014822
10.390928089
7.74721161073
9.13427076436
10.3422504472
6.31071042045
8.75434408431
6.28280900514
8.88984895442
6.06289452027
9.17034607158
8.23449912953
9.03311729407
9.28937196045
7.26399089724
7.62682842758
10.0952840427
6.80513854664
8.60809803806
5.07094592128
6.52407602724
8.43398172917
9.69361282491
9.07264718033
6.83681752297
9.49733786361
6.50928681249
8.97458442327
8.66653823128
8.12124260065
7.92415978147
10.3069851721
7.22365655203
9.49457789035
7.66508183892
9.68164188996
7.50794654554
7.88752900049
6.51886146309
6.82651397562
5.56949087668
8.40512417413
8.9806470798
8.9682813703
7.40134547554
7.08333535581
6.74097963658
8.96263532649
7.88717266445
10.901482929
7.70548678117
8.40006167647
7.48619263738
7.64729959444
8.10468602919
10.0232395635
9.09112614166
8.52522149018
7.77397877755
8.2909418928
8.81804144288
7.86108411791
7.03711224454
5.02468929405
8.36178548962
8.07984314389
7.29115124777
8.14007998128
8.28995291369
6.61876555193
7.99877863958
7.80536889034
9.05177966334
8.94904420359
6.51957850274
8.33314368877
5.0715274712
7.10271262216
7.79480048518
9.24739081412
8.93806237999
7.99641791147
7.35396801951
7.93422390116
7.66061387284
10.2561644015
8.28463153152
8.03878231289
6.94474951714
10.7378527466
8.09790499691
7.47850943308
8.24016583986
8.26811211668
7.6358856781
8.51486578864
9.26403092391
7.38145500643
7.1658006975
8.12552858682
7.2846997286
6.5245542923
9.68991437442
5.97289625835
6.85432070335
9.5605501872
7.98370413764
9.62861338342
7.66778833189
8.69893215928
8.00794827758
9.59977094451
6.65305653302
8.1027651352
8.27603817842
7.56213746572
8.57309994439
10.2295430933
10.7176386766
7.73862055809
9.52200549184
6.33678004478
9.43033678655
8.08714052438
7.10078074131
7.63439893027
6.54414551143
8.40718168199
9.08067820774
9.87350484849
7.1004107111
8.72708511316
8.08478831905
8.67101854787
7.59130118342
7.90300710903
9.39196560497
10.9855917013
6.63284621585
8.14076866853
6.88898424525
8.10029462283
8.9508389162
8.2714410018
9.20960679742
8.16416537989
8.57538741823
8.99039299561
8.63016335285
9.12208336323
10.9084369668
8.65719115939
8.37521788702
8.52802760803
7.5775145898
7.57296053888
9.78571585645
9.82089013982
7.23529507318
8.18084150974
7.17960713923
6.88337350781
8.36698318226
6.2775003429
8.14620080016
8.47228463023
7.56156351567
8.03742106537
7.44367047026
8.1963237649
7.96855338522
8.49783962903
9.98549235551
6.54287412561
8.09945798257
7.52192196082
7.93210123425
6.4053042642
7.81174911947
9.5913184321
9.31291315243
8.82113821181
9.37274641071
6.15566966057
7.72782389669
7.7344341894
8.45060143893
7.01407483938
6.47404128124
7.99088924606
7.36291767772
7.47843494431
8.908496319
6.23631073477
6.99772349799
7.70030855347
9.59794371687
9.53633194996
8.62654825573
8.24409617599
9.21227223523
8.20054586848
8.37396298521
7.5066864486
7.0192004724
7.06540245172
8.14940882404
7.71675414592
9.05728597091
9.24171487242
7.81795765387
9.71536707993
7.67655438924
9.52599709849
8.24548848431
8.07957602047
9.6882394563
7.47137339015
9.85512842019
9.50949911808
8.47862321648
6.70416970241
6.74578228975
9.24788918665
7.71021134164
9.49045592441
6.71137091189
8.13420444606
6.81443787788
7.20272314527
7.93546820993
8.02208310386
9.64935826241
7.88098928498
8.96141305128
8.52167871976
8.77226446881
7.38699300926
7.99515350309
5.56296467722
8.40393449993
8.91568880384
6.88996314112
7.65973667506
8.16528885243
9.55240245095
10.0490748383
8.03246151277
8.58510577528
9.10977132475
9.14322051273
6.60944009456
7.67483091842
9.40850113899
9.03047733837
8.52435663984
7.4574895209
8.66972221105
9.35051650445
8.25950420328
6.2599019123
5.47007947064
8.87489713588
9.55404440175
9.37543079745
7.52027080145
7.66492177876
7.31491338412
5.97953427044
8.35499601937
10.4916629308
8.32149501733
6.791204057
7.72434503615
7.33129322386
9.48538586748
9.63873582959
9.60547315248
6.19615203342
7.46479772194
8.99927133262
6.6017901764
6.792205063
6.41268577046
8.81553463248
7.95585558749
7.68061713951
7.05981628045
10.3779322807
8.09120217372
8.2130192653
9.26030886668
10.4312184267
7.73131499057
9.13597609182
8.01856142108
9.20145838418
7.23229506391
6.368500147
7.40482528016
6.7934678057
8.8900545486
6.06694443139
6.91811244823
4.71059176521
5.67842826296
9.13715815766
7.59513510874
10.4690377919
9.53888349327
9.5729587391
7.3038788315
11.2795502241
8.36773189134
9.74937005245
6.98682534962
10.7273705863
7.80483706864
9.86663918622
7.7248928827
8.37170778311
9.60093388773
9.69238119938
8.33118747461
7.67298626056
8.19813301985
8.25021367029
8.24168724703
7.97348793126
9.72545143927
7.29559868264
8.00577258814
8.24590068644
8.27155782815
8.25739939438
8.95403238423
6.15958866821
9.12264297704
6.28626781338
8.07336865291
8.47470222932
9.90170718289
8.14576407308
7.22021669873
9.17500330512
7.63115815304
8.29381668086
6.60600522003
8.33602366943
6.3912037
10.399169714
9.11661145049
8.62595342697
9.02020997247
9.73081246233
9.59854813958
9.04898780241
7.85250704646
6.79222780385
9.87504394931
7.20963001716
7.73801374327
9.69576277918
7.54509011137
5.92771504384
7.81705380795
6.71682585488
9.13417603437
5.36040618655
10.5384823805
9.882939054
6.53645316252
7.03704192382
8.68138291567
6.79143460946
8.48604903482
7.67583269546
8.77016179369
8.30237502439
8.11741261701
7.79675283975
6.23481900495
8.8625098954
8.59155650113
9.40027620884
7.3071419433
7.75846342631
9.60952411632
10.4861
7.77576665755
8.0351942424
9.34707291557
6.99250720649
9.65587747505
9.64716687184
6.64710332651
8.9233072182
9.73674572964
9.69674871275
7.40120771289
8.18394684487
7.68026477581
7.65522957237
8.0859587161
7.91354832395
8.36504064336
7.7411753927
7.04881821081
7.82864668417
7.04421551765
8.8539420197
8.19867636052
6.7998588991
7.71928703717
7.87431805171
10.5662311376
8.1603570688
7.78710068182
7.53329724472
7.54299231967
7.92010744472
6.52398678522
7.15461657068
7.38972659681
10.6463399545
8.09736853594
9.42190907791
6.58353496818
8.10825970799
6.15836924372
7.46918645445
8.62589173226
10.4051044427
7.15187191554
9.50524733374
9.21696884882
9.79434289691
6.86202731959
8.02733111991
7.89264986103
7.26269765134
7.68011960658
7.652575638
7.7649889418
8.93122759842
7.62443952578
7.58998087661
5.37764235777
7.82871110551
6.96461911418
8.7123836367
8.42799120872
8.09180618655
7.4574637898
7.86692233123
5.73850461792
8.13497872169
8.07943611828
6.8128958142
8.75629783371
6.88138328306
8.57550065494
9.00229604813
8.28964408278
8.81709606819
8.4124137563
8.9661799169
5.87278817379
6.7634494796
7.41497048781
8.40048012662
8.79910639582
8.69270300469
7.36092557141
7.8397439405
6.70348886041
7.51966894585
7.73299793107
6.50002334093
6.99325039794
8.18068135785
7.34636271655
8.05678505897
8.56952536551
8.1910968902
9.42630519861
6.28375503049
7.94854458254
8.91365438109
8.63705078607
9.59528946353
7.75584984783
7.47631582065
8.14320636781
7.80039197911
7.84701154914
8.50336807034
8.63133378082
8.10587571854
8.5806795043
9.08726158468
7.94243034415
8.954912453
7.12706051648
8.84631839151
9.10049593232
7.13008423184
7.08191370836
7.6515180845
9.47837419311
8.48692298442
7.08783902561
8.40731002731
7.79211314934
8.92810870615
8.17524910821
7.40005844833
6.21909999537
6.83008529541
7.69607200067
8.42998045851
8.25564307302
8.15829610383
7.337706221
8.85150215623
8.2572091081
6.44614916281
8.30893385976
5.89404567611
10.4972684309
6.98079313965
7.55814834326
8.3675311482
5.95111979086
7.89143968499
7.9059564296
7.01895440363
7.37151431023
9.35438544439
9.70513366503
8.59529974277
6.82083712392
7.76066139947
6.33328631329
8.5200211303
9.51873180467
6.69502164607
10.1796982026
5.99992971291
7.98554585757
6.33657800099
7.04535723204
6.80041727871
8.13430826074
8.24422985219
8.05064222932
8.74071266124
6.42658959161
5.79052417792
6.46613979339
7.75572659397
7.24692368242
9.38272397649
7.57597750693
7.39440478405
7.73400986944
9.3660722691
5.62700431011
6.42121223313
7.03656332636
7.25570030066
7.62514643552
7.47923752847
6.90227035535
6.90073410607
7.44990443263
8.49518832207
8.0414866831
10.3776652899
7.23111931968
7.31614667578
7.66249273783
8.14789265757
9.15489119214
8.16890247795
7.72203368055
8.86844078511
10.165045315
7.26371386083
7.18607456796
8.74130947771
5.71695275344
6.64831735365
7.94599004517
6.53182717792
8.57455231546
8.51639600071
7.79872674206
8.82275728517
7.87676602042
9.56746804838
8.60850675575
8.8975466133
7.08903627812
7.4104578732
7.52314977812
8.09846970669
7.63368524624
6.88943509747
6.75663637574
6.36894583604
8.52303605328
8.1345902104
8.7466439342
6.92309987744
8.9626006783
6.68453410546
7.03854160553
6.25200219681
8.7139949693
7.01695565348
8.53509252706
8.23219341017
10.2654814471
7.92410077702
6.83731242379
6.67539924228
8.43185439863
6.95414606678
7.69543714254
9.19938306223
8.65584931103
6.47092095049
7.96959017576
9.4870349129
7.67793124944
7.53423563532
7.68408892697
5.52382097921
7.89225332916
7.17982002664
7.07810753767
7.31262474255
8.41678650789
6.54360565744
6.15288903595
8.75754233467
9.15149077132
7.34129734819
4.88703847932
6.97776197954
7.74434134664
6.59627373418
7.82226564646
8.10048161068
9.58689792676
8.7624997462
9.49215225317
8.74807509876
6.93430196533
7.64455845772
6.20235618256
6.62414451322
5.55836291703
8.43060146125
4.34602792242
5.6570007291
7.84664234805
7.93121098772
8.24805218893
10.2402395566
8.6924288906
9.30803491989
7.76376694941
6.8469193688
5.75076532524
7.98212011038
7.90577512293
4.02153843631
6.84444463582
7.50735000819
8.72302198064
7.43832876992
8.22800707667
6.43297264191
6.91715866559
8.29987723758
6.7652086028
6.83580302299
6.78374304835
6.63198944534
5.37680597595
6.85081018974
7.12555399436
7.74416518555
5.96492979631
8.62559603603
8.61709550783
7.07605845267
8.34121625258
6.82253574692
5.57213927501
8.83956881187
7.28494523735
6.18896224987
7.40875896808
8.72489484529
9.76621422785
7.29881509961
8.8624175017
9.17688913449
8.66027193263
7.71202769738
6.81035157685
7.70630557458
8.13381958005
8.13092940948
6.66590260664
6.81738961303
7.80650820272
7.78942519939
9.02812182828
6.80071038757
7.46523115296
6.67322515692
6.90260034151
7.43402647018
9.30501332896
7.0801841804
5.82815791977
8.38178555484
5.80987713252
7.29116421812
7.5065556429
7.00084163463
8.56902235185
5.47677580824
7.63108847013
6.22429079447
7.56285581463
8.22807556882
7.80631903853
9.85659735291
7.09767302562
6.13919959157
9.74290131496
9.84065862432
7.76575028788
7.95626528437
7.02612504997
8.88874168694
6.37515368595
7.66336255713
6.26895525234
7.90685459282
8.78033167511
7.01023785536
8.6816549906
7.37508309439
7.33642350545
6.4788780384
8.47137073568
8.93347398842
7.92559621211
8.461644876
8.70954611243
9.24230826111
7.80964858807
9.20608929699
6.37111849153
8.94293916513
6.62595716818
7.20145717454
8.21151574527
8.60718959235
7.34064253666
6.98318020962
8.12738011549
6.85038740009
8.94857371978
7.39147554978
9.44442932361
9.6798540502
9.06758883395
7.77307910551
8.54915375399
9.36468717514
8.28198826208
8.58962320772
7.53201824141
7.60038536868
7.85506723978
8.68518053145
7.55974986412
8.22801634177
7.3996821258
9.236716214
7.84903176613
8.11391530484
8.18871833422
7.60649646639
7.70511824571
7.37002355877
6.90327034215
6.22881781109
8.62055823375
9.02095970267
7.26806350331
7.70926911529
8.10826872084
5.78040948518
8.19065871941
7.39896112675
8.05643402077
7.71162941555
7.66881915693
8.27070204781
6.31375075391
6.74263187643
6.86586612342
8.68746176684
8.32007133446
8.35330933133
6.83755158679
7.62034931347
5.75826454362
8.36487989708
7.1657257502
6.38932959037
8.51248117073
6.43834979688
8.96770512146
9.49101246981
7.21453321763
8.37072238397
7.3727261122
7.67820933392
7.96535347737
7.93227362734
7.27992097754
6.38038816412
8.37916368313
7.5203628346
6.03644676518
7.93925783086
7.88016771884
8.30815740448
8.54891116225
7.44445991349
10.3576053794
6.75398456662
7.73654843118
7.42241022363
6.86109623546
9.32703989467
8.69616761757
6.5832952375
8.56379888773
8.71032562454
7.68563493456
9.2126709959
6.6573554554
5.88825574405
8.78862904467
7.93316493212
6.30633111547
6.69758584316
7.38493157348
8.87167102597
7.26753239382
11.1874684538
7.99876823559
7.28576283687
7.7796281701
7.80191638388
6.90822023264
7.46048974955
9.07210163277
7.73339378774
7.92516246443
6.28603456661
7.75113404035
7.88865857937
8.93345013208
8.12188766226
7.1212691147
8.01309806487
7.3459898647
6.6321760296
7.74699195255
7.49292081571
7.99631776441
7.77023569443
8.76882930701
8.19510398245
8.84213180171
6.56190605192
8.86153738819
8.82591793488
7.72629898103
7.6803235961
7.17866447074
8.12505312743
7.71249333012
6.59307129237
6.51673123736
7.55307747613
7.47843875029
7.49480708509
10.0002785728
9.80566586912
7.50550498054
6.18824663141
8.31202757233
7.11997203325
9.13980842728
6.47930608652
5.52363907572
6.74781471436
7.5726327661
8.11084286863
9.49312178664
4.76156484056
7.53899126305
7.81524580483
7.65443831146
7.56883117654
8.09508889201
7.17832043475
7.35405647056
8.70006613535
9.46074728989
8.59361501475
6.4958331731
8.57173674384
7.71824410055
7.50412598607
7.87964817884
9.16785856649
7.45557793377
6.69939444638
7.12870337344
5.0531403218
6.18556648324
6.58506952993
8.26505605608
4.95642839972
8.75896731096
8.83078343732
6.40056909685
7.30022205121
8.29604825712
7.74366219103
8.46503029833
6.0288420314
7.56409754536
6.52235554253
8.38243622962
7.5168323093
6.45609681506
5.81158487586
7.87844396084
7.67122940222
8.27861099332
7.45676043605
7.71207623055
7.29807545965
6.51501815074
6.89120274209
6.34411384635
7.7677327624
6.64831344119
7.11443728482
8.93972314785
7.1366934012
7.78559851161
9.3714727619
7.82193853055
7.33601386663
6.98324971056
4.96049105665
7.9543657454
8.13086084361
7.97399825127
5.17678850436
7.48637702395
7.27567112167
5.77599942088
6.98861943561
6.78123485331
6.08154093716
7.72700677636
6.65790612003
5.11969374482
7.10762095657
9.49300381001
7.70663968126
7.70868406164
7.64315866689
7.79881311851
7.34255956137
6.79551048565
7.64237606838
6.96984397332
7.45590184239
7.35781990855
7.64768397529
7.16381056107
7.14906741096
7.66414931704
6.41297361574
8.98867148134
6.78595695858
7.53186714626
8.26387943862
8.31512807518
6.62612901502
7.39252736478
7.57887092795
7.65015593662
10.1757997907
7.83646228048
8.76811978198
6.25021040225
7.56574980403
7.4622047379
7.39728457773
7.6964762167
8.8060727222
6.62180240534
8.2058156337
9.15727940129
8.08803400578
7.59560697471
6.99829588356
7.49191460032
5.90692189897
8.37815923274
7.48573468548
7.14823897465
5.59428063497
6.51049973312
7.32832611671
8.67295062351
6.95814085634
7.0968009074
6.54720581229
5.12719408771
7.67619304128
6.85964533475
6.88991447277
6.93881543001
8.76376050345
6.39915708323
7.81720749257
6.75074877555
7.67001148111
8.73645020753
6.30468271419
6.30577596594
8.08706125252
7.89913800969
8.38151801906
8.45954548674
7.82117494076
5.77406352803
8.44207743123
7.76257368896
6.50472192198
7.03718488378
6.2769001487
7.20917114119
7.57510383
7.07390751409
6.98783273967
6.59197110565
5.75294079903
7.74385715438
6.76323150291
6.94690725868
6.69466722489
9.06371171237
7.4393562157
7.20681870703
5.45462436801
6.39328644825
8.3884047952
7.6507654821
7.4714055799
7.29009642736
9.23411561064
7.51412146871
8.17834696674
5.23027199681
7.19477902763
6.5343516518
7.43169725928
6.99899228308
7.5066100115
7.06136440413
7.78000660667
7.66597692066
7.83381844775
6.78359441954
8.89551623659
8.73949987449
5.97756033629
6.64159960339
7.5092915875
7.4990949044
7.26621053681
7.16921908787
12.0080984248
7.31704862397
8.71887221109
7.64621935837
7.54308004297
7.98451168805
7.29459183657
7.05726447332
7.30822793262
6.57492075605
8.74113883121
8.41820684956
6.97803589754
6.86546730155
9.26623229191
8.52839976336
7.44904867668
8.04792157301
8.06311699487
6.37700404844
10.2675196065
8.41367073957
6.43512607343
9.43199734693
7.88337631533
7.99333460258
9.80205023471
9.09293190859
8.75598239101
7.44345164501
6.78862680927
5.06596136462
7.49511003782
6.50602764015
7.38851528294
8.3164362886
6.62085274637
8.34569536589
7.85388699446
8.1756598573
7.38129306868
7.9809269092
7.3830388742
7.20206527401
7.57975495363
9.10020910187
7.38652466627
7.3987986637
7.99691681258
6.36525852444
7.28426441323
9.18225999893
7.19739249228
7.25737900293
7.068012987
8.29693233823
9.19863233178
6.84452422564
5.63694311616
6.76583005452
6.09605256814
7.68996628915
7.92888366339
5.78167501366
5.73228975082
5.4664552589
5.99483919825
7.72538980674
7.82810806747
5.68336197416
8.14782581834
6.65543679168
6.22067414348
5.968938159
6.37486774069
7.60983649459
6.76088976934
7.25918111906
7.33247127206
6.21368560823
7.11275362298
9.50600163949
6.05687367204
5.4067369944
7.87903247084
5.85350491316
7.60600924991
6.68046030744
8.98389249626
7.61697448099
8.27646157195
5.54179158443
7.03760304323
6.10038721839
7.51990499029
6.53895681148
7.33631963331
7.00768426969
8.56268194533
7.17935905963
7.50453918439
8.06872999362
7.29000266624
6.03892254838
5.85869250838
7.14595460937
7.41033856279
5.76057808067
8.36084411683
6.9546899488
6.16528307912
5.14002295262
8.84070198484
7.76371430665
9.61801642151
6.64235509941
8.00707187655
7.84917144716
6.57821487814
7.11507908578
8.41901905942
7.13548015801
9.1783962746
5.25579185773
4.98545120648
6.80238713441
7.43693991525
7.75744070815
7.87355913373
7.99159300918
7.22980018237
6.76163396983
6.34977900463
7.32022603401
7.05386712212
7.91495799723
8.64863272141
6.56078926177
6.69247993512
7.75071589373
8.17921584919
8.91454776842
8.42013894681
7.8090056813
7.61898216055
7.24996133053
7.25304235488
6.6695969314
8.97205659859
6.24218715785
6.34040302493
7.09874601736
5.36784394617
8.23743296354
7.13949976796
6.96375068569
8.89071599867
7.74244937029
7.91501442692
6.86748449738
6.59732342962
8.57032808839
8.43726344408
6.95226093578
7.37094731773
6.8932821351
8.57251448713
7.32660813465
8.61530212713
7.97033552361
6.86668685705
9.19981423709
6.91847840575
7.3113355832
9.40839598153
7.27818176513
5.49460402921
8.52380248984
7.60443630823
6.91292347918
7.58878477045
6.54748950371
6.97414796278
6.07232157358
7.85535737115
6.12420000674
7.52275002875
8.02096668849
8.96467985831
6.67823823096
6.72298310067
8.16672680563
7.4424212688
7.93754715697
7.37140161648
9.90632312238
7.39152864279
7.87489365623
6.65755730791
7.16000679984
6.81003621669
6.93308905888
6.1475949342
7.63296432868
8.2356698597
6.505889643
7.21052173222
8.97079783948
7.76920702292
7.51140628344
8.31774796476
5.1878456932
6.8100585885
7.69759065925
6.77574789163
8.2107320834
5.67327784685
6.66367517569
6.30682019625
6.46467981031
7.04062575623
7.05900672469
8.32437832876
7.95889652456
9.25432493854
6.76703178215
6.72804199412
7.53074587619
7.3115805502
7.42378465967
7.41241974276
5.90568449174
7.89566375774
7.54468105526
4.95304672027
8.16503270294
6.12953042285
8.21395743125
5.6463443278
7.55860967627
4.8984173321
8.02008870696
4.77942428169
7.75776991968
7.05564014988
7.09223332131
7.37711027592
8.9810820437
6.62862909548
8.95575839046
8.58146182804
8.25903690843
8.50161007574
5.18140948198
7.24439863437
7.38250065059
7.86416609636
8.67107336745
6.79438554588
7.30880444174
7.57360691531
7.89774057066
8.47828570307
8.08240315484
6.2974511991
7.66357795884
7.98245797313
7.73402453351
6.5649732784
7.37714544198
7.51217688749
6.91891391441
8.63760661083
8.0347400525
8.33885394132
5.23507405425
8.35891700895
8.60209558694
4.87133045178
8.46755674695
7.77301007703
9.34330741445
7.96747667451
7.5727488537
7.19806484491
5.23371431997
8.65984748866
5.27423269567
6.59470968293
5.7977921642
6.63670032501
8.26176965373
7.7529276976
6.17481321197
7.71462935971
9.34712792329
7.56868641421
8.92009977349
8.54189328677
9.74946480775
8.72157818402
6.98348176598
8.26816287763
6.60138228758
7.69578757806
6.76521057504
8.14567072621
7.41220255721
7.69757630833
8.1238418849
7.21034750119
8.02395910978
7.33186046032
7.5369355219
6.96879594081
6.75256847318
8.83565798727
7.26254629537
8.12674927282
5.76501318261
7.76549684309
8.45990910675
7.90630488448
8.74044575191
7.49612197282
9.18771649521
7.27043695735
8.14370149555
8.79027787005
7.27891284843
5.2208391765
8.70752609897
7.01116854246
7.26171110656
5.8569020364
7.37056190038
8.01100190187
7.19026346499
8.40156529723
7.4212136203
8.20365365889
7.29461892888
7.42017917931
6.94527599189
7.65551937164
6.99431907168
6.94548735431
7.17023234917
7.51601288906
8.79303331055
9.46001249287
7.13596920236
6.93645687328
6.59859481216
7.01314757855
8.91766469009
6.08993109757
7.54454382236
7.4924081405
6.78505335645
6.95091332456
9.45910674953
8.23007915783
6.63331196102
5.76652244933
6.6528400425
8.32755632555
7.94751918819
8.71329116304
7.43749005976
7.39867053842
6.48252690051
6.91305198254
7.6991864584
7.06018426289
6.95900334122
7.37375247033
6.91643975304
8.12701795574
6.66845242804
9.57692181421
6.27477561406
7.48354007974
7.37219500998
8.3416699612
7.50239762993
5.40104616873
5.08432883201
7.42979531772
7.2601364016
8.22913007218
7.86909974516
7.19529169674
7.03070256718
7.76849066197
5.05998138515
9.2686559929
6.9026292727
7.01465886637
7.62762416305
7.3757722824
7.15579070343
7.01461591524
7.94627448511
8.13309552759
6.72162627564
7.51405089532
8.19670413371
7.84877218765
6.84643023995
6.17663125784
6.28500664669
8.27222076634
7.147376295
7.01612703244
6.93241014454
6.72053163248
6.517239657
8.23283783665
8.79655189706
9.27103264739
6.99566943388
6.29932683798
6.18695607571
9.05707464956
5.99662098803
7.54126071427
7.83731073443
5.66071553237
7.21019601267
4.86810753231
7.09361143273
5.47637180333
7.45659867524
7.7637593003
9.36198148301
7.34548079078
7.83176416565
8.73461846523
6.10535490327
7.988390441
7.64291165448
7.8153134671
6.90385303717
9.07159971819
6.66714001121
7.34640142847
8.92622593188
6.98703353481
6.85850047696
7.18147665364
7.4622583975
8.1068520289
7.67278783357
7.96024705215
5.57170717908
6.32608254088
6.11293342329
9.22212496279
9.5478776491
5.85794858713
7.06657290229
6.31700522849
7.60740872308
7.47644288266
8.30413239236
7.76409618799
5.65541320924
8.76905516578
6.77552293869
5.98956235944
8.07605060914
8.76558505045
5.85693804113
10.0231557678
8.53158731214
9.12420038719
7.27089648124
6.51214951343
6.82400106697
6.98558004928
7.15464149447
6.78286372634
4.66674713845
7.2019596248
8.66448176536
7.78994302527
7.16625990418
7.0993729246
7.43912944266
6.83104641485
5.13059524153
7.74423512001
7.98025449737
6.50186651714
7.68859383495
8.74713673256
6.41669237178
7.92505888212
8.02613680744
7.77636931586
8.94529358933
7.60690892227
8.19542736893
6.61752272895
6.80735779898
8.78532888139
7.10786699571
6.52376343946
8.77696720532
7.11074680521
5.03153602089
7.28643310173
6.18247417464
7.50956171638
7.73675055131
8.41458862413
6.79610434101
8.31897616981
6.96804969631
7.66116695897
7.28941360111
7.59181051559
8.00497570168
6.13246472361
7.26727652137
5.83052209942
6.38492691831
7.19625347634
6.9954316429
5.83090507617
8.50073433222
7.59325966739
7.97857842916
6.92802245
7.80189642163
5.59164340682
8.16837927306
7.03749910004
6.90808562043
5.3816828102
8.26628536556
6.05129162886
5.7610919147
7.61604788256
8.37769222955
8.09456796929
9.18443658985
7.86673090986
6.32065486925
7.55807351618
6.63471726668
7.4493212052
6.18257146866
7.62632210681
6.01423599465
6.38792223341
6.92031579403
6.04622235789
7.62351684461
8.01434910178
7.38816767287
8.67595004034
8.0507739849
7.84080281103
7.54004383886
6.58281914417
6.30428089199
6.91484595653
7.56133790206
5.78217377593
6.08609443005
7.33300515845
8.99132926022
7.65560686171
9.72376320438
6.91854006857
6.9720571947
8.31255455724
7.77161433242
6.49120327328
7.26853705014
8.61810701315
8.20443453969
8.43777484292
7.6953530618
7.05206450292
8.42494792897
7.62172480011
7.57094182751
7.5079703888
6.39026519813
5.72764584764
7.01526542688
6.10625538579
7.59224191343
7.07328902997
7.40958850481
7.80067234744
7.34020606187
7.27625173094
6.27654801257
8.52242812997
9.53721611092
7.08508434949
7.7663956747
8.36862437177
7.09647687118
6.92289737229
6.41634421225
8.25984219607
6.1341079076
8.54283625921
7.30356303956
9.23460803037
7.1982309049
5.15942253674
7.82856615597
6.74646087757
7.51155602516
7.58565192114
6.97562535506
7.02634921563
6.90467682022
7.42861278099
8.18837037159
6.52902886898
7.32575224097
7.05832843868
7.85349940281
7.36596237174
6.8986241744
7.36032797134
6.16767594936
7.35866424755
7.55666435398
5.51573688212
6.890938419
7.76517295999
7.16963128994
6.61604701603
6.77397403977
7.64388407653
7.29379564185
6.99426719623
5.5672867729
5.82002232804
7.84841491496
7.90603063723
6.86880565722
7.11722032363
6.76313151556
6.64089364243
6.42889718994
7.17036529042
7.36740000717
7.56898632698
6.69011375236
8.6741534318
8.75968681082
6.18048384668
7.5431721039
6.1670309097
6.28909524915
7.65065987077
7.14996596042
6.41878757602
5.83785033263
8.17309223223
6.26416866668
4.48886954202
7.94599529376
6.49970760742
6.77868417456
6.09093752009
6.77798928967
5.77844794135
7.73382413154
7.64347406322
6.1164521952
6.66479053698
6.60332620261
8.72721062101
6.95791066104
5.67850980284
8.09290747287
6.54122871208
6.70104002419
8.09141106346
6.9754906023
7.95178600368
7.75899785424
7.54283685087
7.64118341207
7.17767003476
7.15074819491
6.21087511531
6.75962801118
6.52619065736
6.87813076698
5.92812033561
7.34354593821
5.93706094127
4.57128639383
8.21329319516
7.61945126396
7.08732103965
9.08449560264
6.03320322933
7.11320744249
6.09320622392
7.60239117849
7.97232757843
7.74655007728
4.80129509871
6.61399046935
6.51171167129
5.32821735231
7.4628920786
8.59303937198
7.88873003321
7.45815285656
7.43741678935
6.91992873997
8.33500774057
5.44574332171
6.87841745572
7.3825204866
8.71684348207
5.55952906153
7.22526490812
8.41028565449
7.13167019038
6.67701658736
6.31554058302
6.19047339313
7.85034076029
5.41860296866
7.39570441892
6.81951597653
8.00380399989
7.62203397727
7.39794567097
8.41801276036
8.25279946246
8.08154149571
7.07681530583
7.82078885958
6.31916249946
6.32337395967
7.53748694027
6.52223912146
7.52211335901
6.62361864815
8.5835688077
6.44810053146
9.1666488933
7.73390532711
6.58913092303
7.07159184056
7.49226039706
7.98402649559
8.09002751999
7.0383825773
6.37485307017
7.49659507621
7.29762894296
6.41186887616
7.72873106215
7.50118811738
7.06981033702
7.90832001383
7.67387585762
6.68536531258
6.62079252839
9.33012378633
6.1259296022
7.60255305966
7.82618103985
7.05077679965
6.57132793248
7.12152322919
7.20777260637
7.95514553276
7.32878539185
7.13012097044
7.56854691198
5.86655679818
7.8609476284
6.61232088764
8.84523024789
7.29320243113
6.93103596594
8.2319980075
6.27460644432
7.70318696104
6.47469937288
7.9167523349
6.849327342
7.37381527195
6.89790243265
6.31040910375
8.43357990793
7.57235741576
7.33113468707
7.6425137301
8.36163322601
8.14702752129
6.74899689611
7.24557683199
7.57514099297
7.60522784441
7.74360437645
6.74746908386
7.7970151257
7.4207182208
6.72454971447
5.86364556397
6.81880433842
9.30884818457
8.57568918479
6.05118163056
7.30404035264
8.34075807444
7.39878986064
8.84376818655
5.16787019114
8.36656246183
7.64600383535
7.21342249534
6.67849160601
8.54017363853
6.74416790164
8.20534768276
6.58667551505
9.23409463799
7.42761275802
8.25279892122
7.6274235877
6.84783444479
7.37728656771
6.13951460057
5.69979522005
7.34331546808
6.15996927041
7.41374937656
7.03187262086
6.93606371008
7.91226329386
6.94651005199
5.93539619976
8.17068411863
4.79551034391
6.49245597121
7.99005609159
6.55649639766
7.3728880727
5.42277102888
7.92330965315
8.04977106099
8.2679293908
5.70562984833
6.83693147853
5.664426529
6.99481692874
8.92755477297
5.67891465304
7.97008228648
7.53767619378
7.06803492381
7.47113962566
9.35300391259
6.651072427
7.66580006593
6.74570376802
5.52629115996
8.12694088087
7.14509119863
6.82110385782
7.79664714421
7.54502512698
6.63529290012
7.75613691103
6.59403512295
5.25408692678
8.07056393063
5.29631858438
9.64340619415
7.93589589163
8.01043716003
6.80304590141
6.69846548302
6.5351218106
7.04863337078
6.57328830193
5.99212156298
5.76299181623
6.61088878635
7.59075578076
6.86726180786
6.26979784982
5.65727360312
6.41462564271
6.5540568607
6.56623880899
7.79599095191
7.02771230553
5.0581389535
6.96548378595
5.2330388474
7.41075833324
7.97037643026
6.56186948197
5.51947702704
5.21305935546
6.78982703081
7.79647739462
8.55112317419
7.90351680242
8.58347359409
8.16936983847
6.01086957062
7.82389492556
9.15392071899
7.91167505621
7.96209168123
7.66467248457
7.16012479297
5.90574228885
7.08475581134
8.31828855938
9.15588673429
7.57243634411
6.16088187354
7.22962740566
6.06771868248
7.18295353387
7.90375285329
6.74296588843
7.64945040222
6.5968684109
7.99922885249
6.50329135192
5.73681077855
8.28015161038
7.03296479136
7.08793600285
7.68275971371
7.00348005932
7.39109580508
7.22802658821
6.91513335895
6.97126026212
7.91816614545
8.0581175586
4.59294271223
6.7142049329
8.90553007169
6.37614880413
6.63645427492
6.60979372932
7.24156826141
5.61390174669
6.66540283103
6.27250848091
7.73110769122
6.58385161201
11.7757486641
8.76440999525
5.95252154987
7.06842328218
6.84484357304
6.85992041702
4.26650840598
6.68075574996
5.8528836464
6.52852990633
6.95249026872
6.7272819422
6.55215979605
7.07795025114
9.58558309539
6.39355054742
6.58542790018
7.14485594161
6.31041931059
6.63673646678
8.08165033878
7.29874221852
6.00232376375
7.19485267724
8.65246784055
8.33270709424
6.51321593803
5.90641350774
6.73430083636
7.39242192458
7.95678294799
7.37541218256
5.19224608021
7.37720255562
8.14965871977
8.40161824328
7.57520772467
9.34350946225
7.29354528281
7.09885685652
5.97651788965
7.63976957888
7.22874699754
7.01678852013
7.61831159925
7.3274115068
7.26758405215
4.79982749232
6.94493094607
4.89770989157
6.74524095403
5.9420475898
6.17249981939
6.99030260167
7.58296870641
6.80340494084
6.91978780857
8.57255153507
7.50339840672
7.21369740446
7.67322746025
6.58752515429
6.5330093496
7.76478783961
9.02109776818
8.17815935627
7.01299642118
7.32832585334
7.64256047558
6.79918141229
7.38590001263
6.73009609101
6.33108353035
6.78633050008
6.06404740764
6.73351399265
7.4121569961
8.61635911735
9.49614924603
7.80989065213
7.74783848935
8.61104888616
6.60688443733
7.34630510931
7.13495529961
7.80375421298
7.08117450567
6.18535585893
7.6495610941
8.09794195587
6.40504667132
6.71805689908
6.67405931176
7.94152713124
5.97070324108
8.87811209095
8.54070170201
7.306368738
7.66119900178
4.60769332817
8.43399054681
5.39893862012
5.2922727976
7.19414149864
7.33858804235
6.96127511012
8.16026738161
7.72956999429
7.45384231037
7.93336205391
7.02032613801
6.65814185956
7.50750320027
7.61471421632
5.4864077806
7.67532371779
7.24371023825
8.77939943906
7.41545088089
5.15563746131
6.36897834235
8.26408195332
8.43268662207
7.517729809
7.82237691618
7.89721040174
6.81772136438
7.17293715747
6.15869015437
5.8484850402
6.86672889208
7.30736632459
6.73287573602
5.62830741707
6.76116007789
7.82897029154
7.00377399072
7.73467037629
6.91408500337
8.79103302663
5.92406567372
9.73842424287
7.32014630909
8.51804057601
6.55813584779
7.29795672367
6.83973224781
8.0570846787
4.02807053878
4.94535302296
8.41464161912
8.3240986816
8.17040838711
7.69064748608
6.10843727738
6.28321866481
6.61308526192
8.35609196105
7.34311127898
6.96036813934
6.64400290392
6.67979781492
6.74255341639
6.39850371757
6.46313909007
7.11951148452
5.64573066405
6.26315965152
5.3453855693
5.5059709816
7.95653821365
6.80466412777
6.51175274696
6.59021149613
3.95157558686
6.84940431773
6.00900182261
5.52428084598
8.456431865
4.78837316836
7.40360691789
5.46906706864
9.7377795616
6.77521022745
8.2819247908
6.55957351989
5.84143458295
8.22595918328
6.78433393675
6.670598175
7.74024884325
7.91525123233
5.19965942929
8.42131304783
7.09022555661
4.96572698138
7.28009599182
6.56533090388
6.8713499416
6.07293773884
7.14327628777
6.88927795045
7.17483975112
8.30677428082
9.2962809109
5.81567281062
7.38374207453
7.79400082997
7.82183249983
8.28575496855
7.77961692742
6.31721581066
7.19352609879
6.63616799197
6.34889336362
5.21104808974
5.97405689703
7.39978706989
7.66229476493
6.92098602846
7.55055345716
6.51703972745
5.92582014782
5.22709405403
6.59402022322
8.41715442665
5.98952049362
7.02541974952
6.48059032022
7.77475913137
6.35667919501
8.24167949749
7.44073941593
5.19742381778
7.06321466981
5.29946153812
7.6691362556
7.75466508162
7.29652547798
7.1746886256
8.64813207979
6.31733643019
7.04672895934
6.37707311833
6.06493089778
6.61601784728
7.28326155693
6.94865199395
6.08277761701
6.80054453597
6.41741679572
7.97445483777
7.29723325387
6.69714080143
7.09977398785
8.38593733323
6.25959122761
9.6265835932
7.89766455487
6.36517172587
7.5004542549
7.17016981841
8.18015986775
7.68641446267
7.55939045442
9.26365066654
7.53132740743
6.92662470294
6.44528491267
7.32903533652
8.68083645795
5.9349380432
7.24363027357
6.09513732846
6.34805936308
5.39545242555
8.00335229657
8.1246919608
7.84814587159
7.1148254514
7.35867072421
5.37626355594
9.30717139688
8.24600057084
8.01441295849
5.80378496118
8.88192240396
6.99964173769
7.47693172361
9.57094315241
8.04325681239
7.27218859155
7.92530220985
7.51920075457
7.07040968809
6.67527190385
6.93965382779
7.880818954
6.80362015923
6.19692998464
6.28650300607
6.90071973895
7.99302411228
6.43036632097
7.38732165673
6.5457170171
7.15497913076
9.64541097579
8.06393108219
7.08959787402
6.80504151569
6.139490494
7.12571631114
7.87070871604
7.08938646707
8.09090791031
6.96910082922
8.08195397696
6.73986027298
7.08892945856
7.47400321361
7.09042783285
7.09406841016
8.01566973259
6.62713906531
4.11458861119
7.39694734727
6.63113075761
7.2443063183
6.72622109271
5.97112372063
7.38806407983
5.61848472583
4.62392064477
7.15919426803
5.67524316315
7.35469462284
7.53909734327
5.33293811789
8.16343188123
7.7291546624
7.98763686394
7.26599203687
6.41531505312
7.13370337758
7.17029928053
6.78105965529
7.62849215671
6.9875319639
5.99923457629
6.59719343338
6.88928719893
6.1609615176
9.10485507705
6.8901605434
6.63158883303
7.71767029767
6.47907507675
7.37519244486
6.62062002042
6.74236518075
8.01598057876
8.58654420402
7.88328216718
6.79822411089
6.76334348879
7.56428545314
6.00035610976
6.00806775891
5.91147526556
4.1845649087
6.4988026425
6.63392022157
7.34699960103
7.72195496893
7.14603865965
8.08322676597
4.67305770424
6.3450912099
6.17842393149
7.2945011625
6.43078741098
6.16584091704
7.92011973089
7.01585249836
7.71206480148
7.29203830835
7.11717357342
6.94804580516
8.47498565146
7.153547823
6.42663912524
7.91292005974
8.28773927012
6.57481772623
5.99187966348
5.74293303107
6.7641976061
7.30774213344
5.68216826492
6.97506663644
6.73978015112
9.08038320262
6.78268703488
4.49738442775
7.35721418463
8.03176604282
5.82453108749
9.25872172159
7.66369761512
6.69440809798
6.25165276593
7.96482185871
6.37130212451
5.24121891644
6.92939339736
7.73927170222
7.43456800493
6.99701289453
5.70987449262
9.13421660371
8.46417547583
6.25550324504
8.79882362341
7.06445808728
6.99014138549
6.61468345331
6.59020431285
7.74647022453
8.46973582943
5.94573519567
6.90010718053
4.82839891024
6.29531848011
7.36753582277
6.41748490505
6.82160956759
8.58737364113
6.75766413183
5.74105564674
6.16503759202
6.19919079574
7.06725233988
7.56923434486
5.53601164802
6.72590444866
6.18657153322
5.3703236047
6.46004953692
7.20156932672
7.13446081337
6.28488298887
6.51090639588
6.87713530099
7.00037405209
6.56451817874
6.64830569518
6.45998370254
5.67842026385
6.881780298
6.21748842171
7.51488816032
7.39369459849
5.23134810965
7.86954296675
6.78349647059
6.93542038003
7.73144753696
7.13095226168
7.29770296044
5.95840651358
5.29139446458
5.64098511954
7.94389180268
7.5096959898
5.26431379415
5.30665347224
7.25429611845
6.87986011983
6.72348982446
7.65861977846
6.52563156982
6.65875571539
6.4032596668
6.69758381206
7.27819120744
7.69583818219
6.69082772319
7.77300643395
6.76702080221
6.64825824854
6.32484806877
7.09784930006
6.54043678019
6.89079025067
6.44803786527
6.29673626782
6.38690987698
7.14304006835
6.9084888717
7.04845556677
6.9301051152
6.61740670364
6.86570300188
7.65846326733
7.23436796773
5.09785318971
7.03935668635
7.42176489726
6.59640498808
5.98545967116
7.12417333015
6.28699986053
7.02697348489
6.20434272776
5.99667241693
7.83940735852
7.84628751808
5.11953811981
6.7574646485
6.68595381034
5.72699518818
7.17987756018
5.69870196954
6.09790542289
7.39261444202
6.05599841986
6.42859449804
5.54450222692
5.976397429
7.00824790148
6.71219202622
7.11493594201
7.542320941
6.67358409378
7.33016364687
6.60851052483
6.61701647821
6.15910594369
8.47022997135
6.0818119045
5.95675823749
6.39945691904
6.16219620532
7.34208896107
7.46669520017
6.74695699159
7.25330300205
5.78282069818
7.07818161904
6.49941723714
7.02554478778
6.2627082372
6.51333235982
7.84124519282
6.33347083143
7.81896243283
6.52623601599
7.59569939244
6.74820091262
7.63418871767
4.21344835586
7.24193930602
6.44472187085
7.06029371667
6.72271633625
6.62293317869
8.06369682262
5.86368018038
6.47257439364
7.91365695619
7.13538497265
6.63441137669
9.15973668432
5.59046597011
8.4771131214
7.1259527053
7.90172135563
8.46495341364
7.03491477329
7.1658778035
8.0196505219
7.30508665836
6.32387094377
5.58901889394
5.05274571379
5.91352644477
7.6034457194
6.41189932923
5.999658159
6.76770967546
5.69586253465
5.4945403172
7.04512358373
6.71314485629
8.28469928368
7.27763155474
7.12897162877
7.89129156302
8.57127567797
5.578673544
6.59681396205
8.75305689239
5.17345571147
6.42655195648
6.37481553618
8.25796771644
7.87180670746
7.31887715912
5.65395283949
6.8542130835
8.07222971993
6.28745068615
5.40299244576
8.49372703937
6.78484895071
6.94132422127
6.65579809997
4.40406344719
7.62909049722
8.87146130885
8.51774486464
6.60797424381
8.17140702035
6.9662651259
5.97684679138
7.24795725374
5.97782843011
6.85255638863
6.55742690071
5.42289327358
7.28334016035
7.47003066647
6.64008456315
6.70635663934
6.70066929616
7.15929951131
6.75053430962
5.80865771575
6.90461071724
7.63865097014
7.20540865471
7.39094752067
6.68173863197
7.81585022731
7.51026985603
6.42410018149
7.36575628094
6.17312293176
8.656769171
7.37142407106
6.29725338875
8.02106537567
6.37838857985
6.33791997173
5.55908786258
5.97282809807
5.38168864607
8.50341660464
7.27219024058
5.97286238543
6.78453371179
9.22261875515
6.67919903502
7.19017182675
6.19627341949
9.00087433868
8.07573147347
7.28475696635
7.54284856866
6.78209145949
6.13492078479
6.06631436229
5.79551850996
7.23103711556
6.47978958301
6.73701066649
6.21892158991
6.5255990754
7.04290714007
8.53435065058
6.48943172579
6.35943647845
7.46668669074
6.82028711425
6.00318269822
6.01728632111
7.41505098159
6.79112940163
7.20851114011
8.01589717932
7.1461521025
7.22198387973
7.34599510955
7.17056671471
7.72093093821
8.58947978726
8.9729349208
8.29184516945
7.08782299194
5.19326439155
8.31250919144
7.34903905101
6.21472910063
6.43687495276
6.76294278459
8.93031405287
7.73426444873
5.07519798375
7.77057188829
8.28855314112
7.19873424714
6.68895872963
6.00067976344
6.02772692079
7.25595231959
6.84653781791
6.32969237833
9.09974137999
5.69735166464
6.67669575366
6.75686326882
7.23167401718
7.36224354656
7.16233372338
6.6468603038
5.35435751537
7.29735647175
6.49037555581
6.41721619136
5.91709928894
6.48214778433
6.22190897606
4.3859457831
8.25820188041
6.64463492095
5.33954126309
5.30702791088
6.36656731689
6.01018683415
6.81619212064
6.13933282382
5.83480943133
7.55296043715
7.33596917981
5.59763568449
8.80696683262
6.17565266919
7.04242622061
4.26870132851
7.67937581426
7.4633660179
7.03582207309
7.49034995428
5.80063576407
7.8812663355
6.96049133293
8.2333196995
5.57748299131
6.73182883695
5.89277458001
6.35492570039
6.07991091966
5.7476564912
5.998263295
5.71113925367
6.28292763966
9.18455429349
6.26509645533
6.59611821401
6.92708778103
7.37227391073
5.25382646971
6.10134053454
6.33467202898
6.60750631171
4.49193441781
6.34851780854
6.9013776825
5.72787306197
6.91166308205
6.9036208445
8.54158762249
5.29010757796
8.4691385173
7.2118967484
7.28961135497
6.83442820744
6.48874492678
6.20564739969
6.67543900538
6.06249259545
6.10635001526
7.41572510029
8.25462731016
6.99553355829
5.92838158325
6.13060299958
8.11180367927
7.21993484421
5.53809222663
7.14672719264
7.22731098058
6.65662656858
6.14877055156
6.88902532922
7.84260103367
6.26618273198
7.09794087046
7.7675942414
6.23693257743
5.53765611828
6.73667964477
6.26939355973
7.11688370336
7.02396982869
6.58012194602
8.73442279875
6.69009586385
7.61392786069
7.27499990811
9.29419797362
7.11107598549
8.13283524868
6.9800460292
5.8973818659
6.0755247119
6.87579337253
6.57071546391
7.11197903517
7.05337279933
7.00479964942
5.32110736416
4.68747006378
5.88239451017
6.29198675869
6.68765152976
6.07489168862
7.12483838291
6.41905589677
6.85343442474
6.94142537853
7.28629733641
6.26352698481
6.95494047736
6.14300680611
7.42360754022
5.95844554244
5.89561894864
7.18927649671
7.49770240273
6.3321856292
6.10419418065
8.15879965986
8.89205224017
7.91738338662
5.8467377219
8.35182983832
6.63082232735
6.05701006975
6.78796915787
7.32397681578
8.43815386407
6.2818719589
6.81079103437
7.71556864328
6.691945668
6.90507048361
6.52796404274
5.48437337434
6.93596395698
5.9924921729
7.58117739186
5.78708324595
8.41937971292
6.24792851603
5.2664808855
