32.3202183217
29.3347814343
36.110863991
27.2752838249
31.2601535041
32.0218389689
27.5287501724
27.4882324476
28.5848388141
27.1848306966
23.1711553357
22.8464567354
22.2359872613
23.0642097126
26.332525927
24.4841808542
13.8360241195
22.1745812565
19.1946971531
21.4289624613
17.4508960685
21.4079936301
21.5984869413
19.5491694639
21.7383187519
21.1864831815
16.4043171424
19.5983096762
19.7701505928
19.9531450182
19.9937775299
19.373365782
19.1166307274
18.6776368906
19.5932328219
17.0552952683
18.2657053569
20.6863644395
17.6824375313
19.4392973151
16.9401858411
18.7424493098
18.1308001772
17.1511434209
18.267109575
20.09023875
19.0909947587
20.2008830075
19.3698603917
21.0898670886
17.9756669007
18.1407835488
21.0192386162
18.749107923
19.77917551
16.0622475339
19.4822580948
19.2977632117
15.1553256507
14.3844113301
16.0217614842
19.9467639242
16.4367954424
17.9923202234
17.95646265
14.204121178
15.7598903023
19.3771580658
16.5433170989
17.4722878622
18.2413129142
18.0876383128
17.2218331355
17.2435937284
17.9654047608
15.0790222095
19.2637592226
16.8618859149
16.8299050256
16.6055741175
19.1794182234
17.6074103831
17.6002514166
17.5979836332
15.7533143262
17.0722903422
15.6851237457
18.9619807449
16.4934159236
18.5483200362
11.5075166899
17.8153608396
19.5536919133
19.2565301069
17.166815555
14.4828563698
15.662694541
18.5091282542
16.2942991842
18.7175404702
18.5102893526
18.2088159628
18.0924687195
16.9378417321
18.7436948256
17.4957333672
18.211139076
17.5256401842
14.4019176544
17.6495147812
15.8725096451
14.7561581349
18.4100906294
15.9459470582
17.3803838604
17.9865949656
13.6729108275
17.1287067904
19.7084609837
18.9098152576
15.7606507695
18.7326339777
19.6944842705
17.9392194238
18.2805713475
17.2106771513
16.2671257878
15.923791024
15.3432035951
16.3877148271
18.8191080878
18.4482287387
17.1780944636
15.7559422964
18.8168803492
16.4318085003
14.1110509815
19.6258909136
17.6356172418
18.2509006572
15.8351564901
18.0847937679
16.8239766915
18.5379480521
14.8236697959
18.6520328624
18.2211342499
15.8910655192
12.1429626121
17.1650883814
18.6442171358
14.2121916694
16.6525925806
14.3944940417
17.4462944563
17.7457043111
16.6763756634
18.5765992441
15.28184258
15.0863481716
15.5905834911
16.1381840861
15.3416309319
14.0186179716
18.093314304
15.9786070231
17.9948170849
18.0753657023
16.7019499071
16.6316182288
12.4686128776
11.0470769494
17.3191582113
16.128888497
17.4551509513
16.0316590864
15.3845773405
17.1242485203
16.3332216852
16.2495365305
15.3287779045
18.2773967552
12.7423226452
17.6929229772
16.992420027
17.7494796321
15.9765779721
17.6073349801
18.6021049072
12.7453966841
15.6726028369
14.4002351907
16.0091432864
17.0673667211
17.8697449785
17.8373532652
17.0614691836
15.4422432786
14.3715602616
14.054748871
16.6106187279
17.1467936627
17.4505716229
16.2922683069
16.5207050714
16.4726930188
12.6298691673
15.7754541558
11.8568058842
16.7659791417
16.6802700905
18.1302801934
16.2704975563
17.1608209062
15.374333537
16.7651239859
15.8150902531
16.1953906645
13.5995025701
16.0645574212
17.3832515097
16.3524140519
13.8439800976
13.7047344368
16.9621787136
14.8934059923
17.3240391321
17.2377247749
15.0021130349
16.6587726941
15.8481219198
16.8998525476
12.2871802273
14.9451833774
15.6128504011
19.3188438356
13.5430923816
13.8830647577
15.1582944194
14.0933482663
16.4168938442
15.9539086289
16.7221279709
17.0301290752
16.2371381063
16.5104610236
14.5925306418
12.4495162469
15.5414301053
14.1333916589
16.0836150306
15.5731908822
17.0021834358
15.0101835419
14.9315761832
15.1114226709
16.1991339805
14.5641932765
16.4831204774
15.1582118982
15.7022071992
13.0180124425
11.4930919227
16.506509063
14.0309077626
12.125358075
12.6044486933
13.391311613
16.2692898808
17.4022275016
16.1927710144
16.219330258
16.6375464212
16.0550068611
16.0422527871
12.8532385356
14.9967012969
13.9744800825
15.3470684356
13.7493919953
15.3529788774
15.1700818231
18.1724716628
15.7257842022
14.2011880579
12.7349153281
14.9091103903
12.4855624093
14.6857407045
13.5905293327
14.7652439668
15.3189869252
14.1135197617
13.0757218647
14.2622381694
14.2190797297
15.9672019592
15.9102687009
11.4549150987
13.7982510127
14.5023198578
11.6467350665
12.4665332581
14.1291726558
15.5897916691
11.160105618
11.8435244774
13.6658844475
14.259862024
16.801459668
14.2752538121
12.7842652809
9.2965117652
14.4734262236
12.134848042
11.5719668592
11.7844780456
14.7895499257
12.2274858526
15.0043504991
14.6110326809
17.7138560767
12.7983050279
15.4298296632
14.093489666
8.86848795671
15.5726044315
13.1158977353
17.6234124441
11.8831800944
14.1749172359
16.9933498907
11.7896372358
11.8771057283
13.6824183303
15.1183347214
14.4904895171
16.8172385904
16.3462936976
14.6199656474
16.0777512455
12.6983156789
14.8945585701
13.5271193927
15.8535970083
13.4995708883
14.4621228444
16.8908694399
7.80493799526
15.6110047933
11.9409584478
13.5008039903
15.1015249817
15.038004135
11.7398791157
16.096851329
15.2932340906
13.6627177159
13.6383302851
14.1332200717
17.1225192237
13.4958929524
15.0094063698
15.5986970602
14.4564794166
15.0412066468
14.5081067898
15.0363238602
14.762740073
12.8781021436
14.0752849181
13.7399402777
14.6724112222
10.5702979497
7.78879609487
12.6790173301
13.7043026849
14.7727335289
14.044768872
11.9105242731
14.0866097493
12.8169459768
10.155157041
11.3096408758
14.8967146126
12.6870654513
14.1746520677
12.4435706659
14.4555713965
15.8673648467
14.9579100759
16.9220584357
14.598664474
13.3085364764
13.80041236
6.64908997543
12.9244685884
10.105493429
8.51716353024
11.3497259334
14.1155828347
12.4516460352
15.0336802724
14.7699048165
14.2800156982
13.8984910372
15.6550813803
13.6981287505
11.215026182
13.7625611187
11.959974143
13.4802524404
12.9182711296
11.5212157695
15.35818898
12.5752911162
14.0047586485
11.0778051788
15.0008731248
13.9541254971
12.6588082481
14.4159129847
11.7276456568
14.1012769603
7.86252432668
11.8067282124
11.8831829416
11.6760554878
15.6761802269
8.87814495855
15.1178774093
12.6368194427
13.7098306212
12.7858594151
14.3693703355
14.0497971058
10.5582720791
14.0378404109
13.6786534674
16.950139052
12.6551991414
12.7122783461
12.4850892476
12.3455020373
12.5638521148
9.51184174743
13.4925953423
9.46913130379
12.6363760626
13.7461521266
13.2348937965
14.1658824366
15.4165726299
14.9467936504
15.2691104552
14.994029862
9.5908472402
12.0574354931
6.55582635412
10.3529698036
10.7082501213
13.5215112032
12.2625503804
10.4803277498
11.4075110428
12.7755210534
11.1400507549
13.1811637844
12.8304096941
12.6494068898
12.2541018176
10.8468098495
12.8830188659
13.4150099408
13.1143215199
14.0262998977
10.0314460092
11.8593455216
13.9256301397
14.3470852261
13.971802392
15.8245728244
14.126711276
14.1961313042
13.4075207584
11.8878120036
9.96279107913
15.0707882501
11.6440249145
14.4810272685
14.5694661298
13.4122604807
13.3146165651
14.927039534
14.0611773489
13.0493907743
10.9303367921
13.0054803832
16.035603393
11.2240235589
11.8340960665
10.4004633095
12.5359303212
10.9697102626
12.9787845715
12.4670018152
12.623208881
10.0596448733
16.2093395031
11.8164291875
12.0260751747
12.4227780192
15.0225102916
14.664340006
11.2272853171
13.5957216535
12.1386620551
14.2665471003
13.9273688715
15.7386332809
11.7327327226
11.9310022533
13.9108367392
14.7418398243
15.5141457438
13.8303699669
10.1817764027
12.5011169834
8.31005390515
11.5196367967
13.4294255155
12.9910528511
16.0269683806
11.9221975123
12.8796539505
14.3547098428
11.3214718749
8.97562632692
13.0136721832
16.5302190462
11.1924574125
10.1439521315
10.9852690181
14.8439509432
10.4914932796
13.3429134848
13.0093031742
13.6205084653
13.5385380292
12.9000018945
14.9336456913
13.609320442
11.7113249526
11.7858866388
15.2155556115
12.2659022955
13.6386641003
11.1833383624
11.2239156415
13.4890665727
13.0493351245
15.5740759682
14.1890954749
13.8739192523
10.9268967208
13.716382245
12.4638851106
13.4119543237
13.1154127622
14.170475926
12.0572809311
14.1279249209
14.9557036942
13.6172227153
14.5502205088
11.2414479673
14.001522515
12.7657682495
13.5866069537
13.2298428287
11.2499968775
12.4883762489
13.3019852374
12.7947205961
12.5622704725
14.8377342303
14.2107147484
9.58678986492
13.5994244902
13.7589681626
8.12333520753
13.0886616783
13.5089884572
11.8104771423
14.0595520745
12.3821913131
10.0843520543
14.4079883083
9.21275492487
13.2510257372
14.2646508861
9.38988499114
12.9954256929
12.2860242121
11.0028163289
13.1785022685
13.7826034845
10.9761151382
11.9327464164
11.6342706968
10.4703546424
10.0460490456
10.8705391557
7.64634097409
10.6160952795
12.5591334198
12.7442578641
9.07888794754
12.4315209517
11.9794824361
14.8836860101
13.4183479949
14.129682558
10.6462561515
12.8012949274
11.0431205587
9.54462036025
12.8232975195
13.0555522636
12.087607811
12.902593977
13.4867323259
14.2545876605
12.0093053602
12.653812222
10.6159410193
12.9409358678
12.2353532108
12.9656235539
14.7668292645
12.1656322351
8.96970338222
12.4335752803
12.4666040989
12.0186155152
12.8303662971
9.92828433307
13.8401041656
12.3644430257
11.3215337964
12.7890611046
12.7606867744
11.8428842055
10.6056610943
11.0657810912
10.6881263072
12.7070940736
13.2076475621
12.8761051439
9.72817436422
12.6608484617
12.0178589317
11.7755994428
10.9365656846
8.34429927443
9.47110267951
12.8967726392
11.1942693935
12.5169757343
13.9130247282
9.46820189748
10.4896491431
8.45217549879
8.70277422316
11.3241422181
11.4547880512
11.339630382
9.74569048883
9.73104739822
11.8456834353
13.8872355374
8.14374122338
10.530152005
11.6667494898
12.5431478911
11.7622288426
11.9428030498
13.7083369984
12.2640414189
10.6151492377
13.394461296
11.9810355888
13.1404141494
11.3441936885
11.6396828151
13.1945214218
15.0735440667
12.5319999722
8.32219487125
12.2952026273
12.0711175773
7.64942267464
8.16057246579
12.9666192564
13.1853157527
10.9632132345
12.1606712456
11.6867479373
13.2975195322
9.6187964993
13.4721458463
13.0759711184
9.6192537728
8.7140248317
8.59362671768
7.73449643996
11.580730459
11.6555571804
12.493861716
12.1265458701
9.05928224136
12.3172578491
10.5198097075
10.2254167309
9.82292702732
13.8247785916
13.2008018583
10.0535578258
13.507833134
11.406902099
9.28685195275
9.94262387309
11.5018596629
10.3492568447
10.9141654557
9.97756514541
11.9169715003
11.7523388098
14.9111607637
9.96575447068
12.6767906426
12.5933738058
13.6802633749
10.5226076453
13.3190233853
12.2627172839
12.1124933164
10.7879674593
10.7688555511
8.52370923825
9.4057337429
14.3716068126
13.9419153709
12.2923707838
9.02593055268
14.415679873
12.479560272
12.5750791304
9.57505187242
9.45090944983
10.9367839109
10.3512635989
11.0619708154
12.1897386342
12.427261001
11.3496978199
12.6326226672
12.8406782215
11.0959976444
7.15796870735
14.5253970963
10.8803853289
7.00028721692
12.6408435061
11.7240417328
12.0457016687
11.9855546472
10.9147663169
14.0399279669
12.8053535277
10.7499614006
15.0744525828
8.67885406412
12.6241368243
9.81687315998
12.5684831939
11.8934094493
10.7686272703
10.1736550008
13.4249700404
10.9257671084
12.166195287
11.8258455881
11.3320641371
11.730224939
11.5263505841
10.8934636019
8.99736760098
9.82982780988
10.1205532391
12.1190949858
11.7804121853
14.3149258226
11.2950126692
9.75032888615
12.1488466039
9.69336873241
12.1482527197
9.29171916476
10.7484527721
13.5530917131
12.4192206248
12.6806535688
12.3321772522
11.6622684068
13.645498562
13.1368123289
7.12013312217
7.86447693219
10.9752746037
11.0122934608
12.4472645267
12.580733269
12.4061200559
8.90960546716
9.00544743611
12.1299221866
10.2779432871
11.8062192673
13.6573428983
10.8905060236
11.2939635338
12.2903124803
8.64015463185
11.1744584254
10.5112781159
12.2139712857
12.0805089028
11.9017920508
9.68621928016
11.3623599006
9.26262167583
10.228602987
11.0403193598
12.6286140024
11.2179465473
8.85970822172
11.4917808104
11.8688334775
11.9202396447
9.98353366527
9.28661750451
9.05461555941
10.8982260808
10.5366322452
13.1031711075
10.2963127184
11.7973742871
11.4941097709
8.05441600315
9.61063663463
9.16711404664
8.6861974182
12.2761843652
10.5316212509
11.7451702537
10.9224327799
10.78476677
12.0429501319
11.1623930453
8.57567208077
10.6468712542
10.7953994
13.7936925686
12.7675813578
12.4812141157
8.72415301365
7.93201526941
14.4766820998
14.5997365593
9.80932668273
11.4297332514
11.7817312989
12.7524209401
13.0973306809
10.2983441829
9.22370369698
7.9102473239
12.3367706563
10.2203297881
10.1546026931
12.9845104562
9.50474792913
9.12428442521
13.2535165464
8.79251781931
13.0159509001
10.5625389206
8.3226500823
11.0334726592
12.0062561905
11.6103527335
9.2295050834
10.526770826
11.9086110656
9.16662562942
14.1619217541
9.43494871523
10.5855393639
11.0735203511
11.2953097477
9.54719827767
10.719542791
10.6646912604
12.3010580289
8.32246756744
12.4355382141
11.5665024637
8.51373710455
12.207459537
10.8296294168
9.2126140306
9.50040325533
10.3352210182
8.18025392334
13.9329966403
9.18331596549
11.3254013828
8.98853919323
11.7010755327
13.2002617277
10.1633947302
10.9229512006
9.84038524113
13.2752362324
10.5247146143
12.5365724867
11.7082765294
9.55984296513
10.6915784802
11.4459564335
13.9268035664
11.1294601482
8.72600649446
9.68037122515
9.73840222682
11.7003419709
10.10348516
13.320137001
11.0371103856
8.18547933389
11.3476617108
9.7126260046
8.25755475488
10.9301453265
8.48645554793
11.6372080344
9.07659391081
8.05623908136
13.1597907763
11.2716464737
9.64979339199
13.1966326502
10.0951295103
8.85561883348
8.84622398933
8.58520269616
7.46827989539
8.1192167422
13.1952110988
13.2947138162
7.97814724701
11.8612257156
12.0257442631
12.5117960625
12.2304045519
10.2461803702
10.5312269493
9.3826038541
12.795376233
8.19981545371
9.97593226657
10.7078690497
12.3513381364
11.579362888
10.1907490172
13.8221015956
10.3450726077
12.6490522469
12.6065600052
8.77767989644
12.3927825446
15.2980591587
9.42868353353
8.9588086807
9.68082990831
13.9066419227
8.705075695
9.20315802274
11.8637021147
9.61113019234
12.6665493824
10.8961720053
12.5599485427
12.8064542802
8.57960265
10.4242404784
8.42708224628
10.8711009543
9.67237515941
11.1559085865
9.17806923308
8.18827730522
8.11171157087
13.5203530896
11.737020073
11.8982745791
11.3063492104
9.15113238838
10.5093692434
10.1046540594
8.65434728758
11.9719449157
11.4594661446
12.2265815653
8.93663203626
11.5741167773
11.2980391769
8.41419813151
9.10409469006
7.96023027422
11.2965602686
10.0356479083
13.3714475216
8.15964206791
12.4425643839
11.5748939847
6.67931834764
12.2031983276
10.5510697754
10.9005009986
8.39113102099
11.3151937313
8.45019255686
11.4112992867
7.56115918558
10.2339145821
11.1140235224
11.0950342632
11.1080732837
12.3956489933
10.8605690927
11.5327258452
7.19761937104
7.12289019655
10.6721753016
11.7941778119
9.89142490554
9.50479513707
9.95560809779
11.5190290766
12.8138473914
11.1692708128
10.8601975317
12.1145542777
12.4447126177
9.91231476251
10.5439879624
9.02799510632
11.0391782559
10.9612733302
9.05587358596
10.6542998657
9.09544839255
11.014304656
10.3914301179
8.46221907625
10.465477288
9.93894478023
10.3726863237
9.50261527405
9.60207466088
8.87775987168
7.86804746135
9.16972668448
10.9749350673
11.6036224686
10.6763025745
8.78910183989
10.9453990658
12.9439914096
7.62189235633
11.0359854689
8.9220372261
8.45533582019
11.8139368354
10.2550270114
10.1681967124
11.4367512787
8.35220991364
10.7637515482
8.15034952806
8.53782005571
10.689209847
9.37716720948
11.8584874038
9.19724503117
11.0817012151
11.1260130456
11.7620896412
9.21310487446
12.8212191219
7.64429119597
8.12247343628
11.2733582674
8.28962682903
9.87738915388
8.35303023578
10.361435848
11.2985692778
6.57018730984
10.1295882765
10.2869801625
10.058464472
9.13888277292
9.10484651004
8.75261953453
9.11312625649
10.1701366106
8.35228961041
6.98181112117
11.9770657035
12.0611111822
11.9172646464
8.70118032089
10.4356051948
9.47969097464
9.77334091654
9.90065550135
9.23817654084
10.6995897509
10.1164018489
12.2820898302
11.0488623781
7.07947308539
11.946931589
9.80432530628
10.0786637063
8.64807060774
11.9804490212
8.71507943567
10.9270308224
6.46060591458
12.6821803142
11.8807432034
8.98043055915
11.5941686766
10.9141790288
12.1853333778
11.3881871709
10.9660195601
10.5191073309
8.63414162228
10.3722696472
9.25902293796
9.63722934349
10.7190312321
9.24059639234
13.3896041254
7.01542392524
9.88966315962
10.8175879907
10.6532344368
10.2123716414
6.93744248916
10.0469308105
10.6496689069
6.70808400344
8.90242634963
8.71397301632
8.38189968636
9.76387441993
10.267936782
7.79951600741
10.6015839015
9.74946780849
10.2933359276
10.3175959649
8.87286991868
7.03024854114
11.3655683672
8.36822399435
10.6106388684
9.27746233856
10.8268766467
11.824114161
11.4874817195
9.96728892865
9.7937851429
10.4023544419
9.67669074693
8.86713104859
10.7834161536
12.6422059671
12.2841704081
9.60937394027
9.55285267611
7.89663281931
10.7072158034
10.0625316786
11.4169348244
11.8720422379
12.9072764736
10.6794451941
5.47621406867
9.04380587737
8.98697341625
8.82322872651
10.52825024
7.50038511914
8.87996417626
10.623707929
9.61401292814
10.773741248
8.47861286298
10.333220118
12.2302921669
10.5856338089
9.52054056491
9.55164336278
10.2677588204
10.1541288045
9.15535041839
10.6430317965
10.6370435473
9.2612398684
11.8478931646
12.2551786784
11.1270868098
9.29167856745
9.74948868432
9.87844980881
9.51429174193
9.81445923706
11.4905452887
11.0595251445
10.192000838
9.76042299812
7.85967073228
10.3742927863
7.94989476183
11.075931463
10.4403038337
7.6249229757
9.87810674651
11.8769139111
8.7129117961
12.643165185
9.44417259536
8.47204687798
11.883799424
8.7140166409
10.5306176287
9.57954297844
9.5524382028
9.13914668016
8.74401827735
11.8183338373
7.1359877065
9.63296234562
7.36305081271
9.72756744566
6.76530663135
9.40996082499
8.7632159227
12.1116091609
10.0970105989
8.88280953909
11.3727550645
7.78900988876
7.4964023388
11.2251595069
7.49679733709
8.43628242898
10.0376695794
8.9342174639
11.0674968887
10.2730800743
6.77429959789
10.1960196987
11.7312158881
10.3856493453
11.22176017
8.3091910248
10.0919080624
9.65579321056
10.9027918662
11.4081202901
6.98818962162
10.0646592769
11.0311381249
11.4471277383
10.3371240944
7.59306542208
8.12327202477
12.5073162538
10.8254142753
10.0022532505
9.32258464599
7.02266120771
9.61466187902
9.75820747084
6.7631468185
7.42158186793
6.68940776497
10.6006742017
8.05022355032
9.82111496393
8.36282897339
10.1520348801
9.40182101725
8.67789063455
11.5576801555
7.16028994859
9.86757234119
8.95396065836
10.0541509448
9.93415927641
9.75212160833
8.34695285716
9.38231796319
8.48554251748
10.6152332729
9.20651625729
8.58359576711
8.64233199859
7.60788481567
10.8897954157
8.00458092039
6.74819723218
7.36959447687
10.0478998339
11.1113330519
10.6535894034
8.31544287898
10.4215826135
7.2103735429
10.168989107
8.13698472547
11.4013503493
10.1465100552
11.6192617816
9.67036116772
10.4757882124
9.22158164378
11.1253585757
9.81410566216
8.55400467838
10.1119596635
11.5784271449
6.05988471514
10.2137974121
10.7018770792
9.2143187746
10.1111025899
6.82045505967
7.41183479534
10.6563915305
8.04842558441
9.32865377134
8.36233909426
12.1430693819
8.26144636215
7.44015975109
8.33743667925
9.1286019852
7.95090537461
9.54811281713
9.04856359811
10.668847042
9.43183678575
9.28744603407
10.7354333311
8.98282124968
8.25009438972
8.8936638185
8.46333565084
6.83540646552
7.6901168409
9.92299964318
9.41224714041
8.6275910982
10.0366841638
9.82391437155
10.645707106
10.5854768441
10.4814664585
10.2447557538
9.18393867762
11.2833375963
10.7971315655
8.37864760092
7.2000807282
8.86963020034
9.66503745985
10.5727762303
11.3934458783
9.29733950997
8.75298526925
7.42845546125
10.0219226156
9.50389003558
8.59123333416
10.022542459
8.55001304469
7.57978565215
8.84957985628
11.9005031336
8.87111211566
9.9217614072
6.24711407406
9.41542030717
10.0671728751
9.12439916946
6.7087734407
10.762221699
7.0769705961
7.00128022384
9.53485955161
11.8584267319
9.24171476063
8.74780211089
9.94043862616
8.86189765222
6.72838057575
8.35082775427
9.68764236994
9.1539793039
11.1982405358
8.85212075551
9.64064145988
9.46151957292
10.5900674065
11.2328464053
10.2415143109
9.42334318186
10.2996201391
7.84956071664
8.07403568972
9.77660026826
8.92000111416
10.4170602276
8.55136935763
10.3866247041
12.5159910758
11.9574375491
11.0338776656
9.57302455352
9.04909894633
9.13225605777
10.0356426378
10.0883441222
8.91997837943
9.78372421435
9.4776853954
10.456331628
9.99765729483
11.9234709607
11.4259361046
8.46346832695
8.92630102153
9.22788960363
10.0533035448
10.9976563487
9.26516147206
9.95296456254
9.3936368464
9.99097177375
10.4468669941
8.21673303465
8.03902210299
8.35071696153
11.7221652399
12.4939423651
10.7058455413
9.49375072664
9.21517525634
7.67382510582
9.12052254053
7.94871466549
8.85411523255
9.56262285299
9.39128902904
9.50125492926
9.18921766527
10.456873981
9.46551358125
8.88104463447
6.19363401593
8.58802544588
7.250675358
8.47589488584
8.98136443111
9.12026325163
10.337328201
10.4541420144
9.2787209413
8.98581895929
9.18952091845
9.35258546763
9.84211749294
9.0408721037
8.43942319231
11.652170719
9.28639202739
9.9440427295
9.70123445788
10.2933996566
10.4962403948
10.2775049645
9.73873926228
9.52909846948
9.89035579157
11.6340843932
11.3881059641
7.37505273679
7.26289541711
9.11108840126
10.3657736371
9.06930567779
12.7313475854
10.069856224
9.87981430085
9.70546635208
10.3543228073
10.7588411218
11.5158593553
7.01181329261
11.7643043731
6.63690212773
8.86458872528
12.9208492279
9.52611084284
10.9288579051
11.2379534178
7.83810146175
9.58699485548
10.6558709858
10.5387664854
10.5399274498
9.20629922463
8.78648052519
7.94190431432
9.65059668605
9.39736326862
8.25441235571
8.26751713584
11.144515751
10.0608100328
10.6730764044
9.52217534287
11.7517732323
12.6391982994
8.07789503607
11.7004216876
6.87834242622
8.61327373604
9.91451449108
9.27658592723
9.17271233268
9.39947070642
8.76161835353
6.75272981146
7.07367572416
7.32618941179
7.41513258903
9.50348120028
8.85145237027
9.23075811972
8.96476328242
9.80988527158
12.1402802782
11.4066464941
5.59126961245
6.91676886956
8.94054892267
9.12116672275
9.20012885961
9.11131325565
9.10940590535
9.01644959383
10.4325723345
7.07874984215
8.37959664896
10.5956557037
7.08038207467
11.388723016
10.2539172053
7.80447407716
7.61690151792
8.76008718771
9.07361444845
7.54009158442
7.55541440855
9.12842786269
7.60985635242
9.51066011703
8.31090193358
9.55928789512
10.4785865824
10.6416367448
9.18219218775
6.63706377721
10.9308928285
11.0530103212
8.61580313305
5.99771819351
9.50776481876
9.65829940373
8.97572526815
8.49006123065
8.73962762375
9.2260208743
8.8331146652
8.41675131033
10.3109292505
8.47665821074
8.0310957321
11.6542542382
9.69590228754
8.96156407271
7.77294508389
8.12440618675
9.53936549816
7.67206551767
9.16378081599
11.9198057061
9.65053589031
8.55707572768
9.13216377386
8.69327586373
8.52404263693
9.88333583723
9.12601620218
8.75749584633
9.25109725561
8.21910067318
7.77498639301
7.45518299092
8.40619629992
9.67208356319
7.37273121307
9.65950033308
9.98975023586
10.9123621429
10.8201818164
9.08546563473
8.37848098589
7.94096105765
8.68158893453
10.5414936737
6.64340363017
9.61931130411
9.49356816843
10.0771397523
6.52156743246
9.30401773108
9.93600537707
7.9421781825
10.0303102096
9.41812439488
9.05082578503
10.58200642
8.74807754441
10.4260276492
9.15609911349
10.4946620202
9.4279201267
10.2647827268
9.23633803326
10.043592441
7.04071745901
9.51672027328
11.070364084
9.39537113882
12.6412081418
8.99668088859
10.9359836723
10.4473366892
10.4620557342
9.38601058811
9.17259239269
8.75427885389
11.3789050927
7.53088061897
9.73364886907
12.2183896523
11.3031646829
10.8137223999
11.1286865283
9.81185124656
11.3729542324
7.7354676435
10.8825894986
11.9416078333
8.99622135377
8.75933905304
9.85364737389
9.87923730806
11.0651458885
10.936793329
8.89413028426
8.548187372
11.2393102716
10.5809942941
9.05979108445
9.40425666539
10.4479558693
11.0959420817
9.93394184585
8.42026933114
9.32207487367
7.45273169237
7.62407166932
9.33370368992
6.76519573905
7.84211229102
8.21620818372
9.34238520351
10.5889449841
8.47125223244
8.97442138042
10.7310515405
9.43807118902
10.2340855992
9.59079246944
9.61830880947
7.59357596192
10.4925327199
10.1750024541
8.3962965711
7.95159723154
8.16581645748
7.77643833346
10.1946914336
10.7201247662
9.50374228911
9.12017542463
7.97648206575
9.09935232479
7.26734831829
9.28275958874
8.2434839011
8.95463799756
6.84913013389
9.25357966374
10.648955226
8.90726015714
9.95625042261
11.1978698229
9.23300066181
6.61903735227
8.1844891509
8.52086962244
7.27913840948
8.66162096974
8.10939932002
8.19506642316
8.56919360116
10.0821975668
9.82503921301
9.37473809247
6.6851697112
8.57024083274
8.68165338592
8.96819597831
7.40994974788
6.66320014783
6.16069357301
7.82143247622
6.37855476185
8.61778290876
8.72193690433
8.68499257053
10.1666931175
8.95365088909
8.32523582973
7.52817738237
9.56333434217
9.62346346494
9.85753308892
6.87264023876
9.46419196992
8.8429198446
8.16619704223
8.43053051778
10.3317093404
9.2181328383
11.6293928925
8.29668972027
8.28325070301
9.46719445023
9.06690923276
9.30328943598
9.43287494685
8.06023021363
9.12183278022
10.5633468436
10.2018858058
6.00066608754
9.8053277369
10.8537298989
8.32545188161
10.0406076434
7.33903068004
7.93094864888
7.46729874278
8.40568782705
9.35995789967
11.5042200072
9.70131810107
6.36080210576
9.76066865622
7.1681943272
11.117204347
11.2006002313
9.45614334871
6.90340668434
8.6616257594
8.77054962871
10.0171171333
8.00432079183
8.62513395922
6.45046061695
8.22731683341
7.72885402005
5.01820316302
9.76882023817
10.4218826179
8.15415055683
10.2374484225
8.43190524451
8.94969173145
11.7040544951
7.4634803307
8.13387397565
6.79738219371
9.80430602247
7.93385911763
7.60573366155
8.1608190665
9.20295625674
9.18282928718
8.39168003949
9.24818909111
8.58476002822
7.7974258044
9.38815880515
7.85961325452
9.85879015507
8.88123537912
9.53786930972
9.50316198311
7.82293046293
10.2266167546
7.17720601779
7.7319103947
9.33563354016
9.0451095589
12.6056873714
8.64681347752
10.1139507341
8.23025336112
10.0053136835
9.8737915822
10.2089419598
8.9429169392
7.44189830927
7.98306268464
9.31098091361
6.34625370053
9.79222908274
7.18859742323
8.89488660168
7.74765439316
8.84230484856
7.59300386068
7.95116529086
9.99333426522
9.50600419596
9.56007690566
8.11719498205
9.31686184831
10.4447057593
9.4609439913
9.15019548249
6.24703092631
8.30288411987
8.00134428967
8.82709363973
5.9671907045
8.62937486679
6.91997665366
6.76610077341
8.64531489562
9.13217602873
9.77384800099
8.48617933603
9.4568923719
8.02673099949
8.7143934563
7.56874700557
9.94686237457
9.13055056837
9.68042679202
8.09139357895
8.74109605914
8.27906919538
8.07882900711
9.19235963012
8.07644047508
8.30258224601
9.08034421325
7.78536210567
8.84629212965
6.11758689146
9.04067396063
5.19033286776
9.62703659605
8.96817817287
8.72024938645
9.24600691977
10.6180726342
6.35854698615
6.82142878177
7.89016350406
9.47647344621
10.7146466815
9.28884653332
8.388836512
9.55643633993
9.67528940783
10.7842410984
6.55404637956
7.54878089909
7.38663992594
9.87261895873
8.28307329235
8.91338304921
10.1019882225
10.0284969411
8.77139957365
6.55614836929
8.23371467784
7.60682769985
7.84713749856
7.28041283774
8.72562302012
8.20689376055
8.41734036317
7.1987550652
8.34377768114
7.49719418426
8.93192474955
9.4649376128
10.3041500385
9.36208987245
10.6864862415
7.75619693356
9.87208460071
7.77678289961
8.78866092994
11.413869328
8.62453785485
9.27228699463
11.0560866849
7.28507178717
8.23882164233
8.59663853962
7.50681410949
9.06577034573
8.87627957175
9.65497146781
10.1338653041
10.4013201862
7.76011051973
9.033646351
7.33933996873
8.21009207058
8.87600129739
8.6391489064
9.48010780126
9.35371560062
6.41015392525
8.10547670151
7.12808218227
8.37183137582
9.18045194341
11.1603987691
10.9379111664
8.92925268445
10.3007810993
6.70647143371
6.09728731064
7.89051373168
9.33010516286
9.34072974145
7.96202786995
8.97738964402
7.7511548843
8.8780942282
6.75730137164
8.78714731049
7.96430988652
9.59732881121
8.11959958021
6.71420587526
8.84035445511
8.98294534248
8.4380552298
8.26276289613
7.85500177387
8.38076971927
8.46170333208
9.21417002538
11.6859985026
7.58816214378
9.16252811002
9.91075973106
7.36495743092
8.01109253854
6.49370873364
6.69968888657
7.77628232525
8.811917185
9.46299539618
9.26195635888
10.0513812134
7.3349112106
7.23255006306
6.87453148787
10.7473672433
8.85486890673
7.3541640981
8.51738968335
10.2980765436
8.02069890397
9.41459523089
10.1577168991
6.4852505299
8.6579610089
6.50697358316
8.92949999053
6.08058019256
9.4794253727
7.98721978988
9.09836867378
9.19986464688
7.73765558292
7.89267916057
9.98529665809
6.90711293337
8.57640031095
5.29178109751
6.67685971043
8.62373248777
9.86122085635
9.54474422118
7.02667872076
9.37877904412
6.38814462622
9.2392000089
8.93861684046
8.6234771382
8.39563238244
10.6846479725
7.2118983553
10.023676545
7.68089270632
9.51640298059
7.80671396581
7.62857622785
6.55937871522
6.56357253602
6.00564318546
8.53038368136
9.0707598057
9.12517964921
7.65523840467
7.07847320275
6.78506502805
9.0845808784
7.90249832862
11.181303261
7.84754087422
8.09089373938
7.45723061897
7.72139378634
8.4641174132
10.5683380504
8.89421487124
8.50325462906
7.79790729683
8.37325753771
9.10992051105
7.99801078717
7.49639224654
5.48807575635
8.38711815907
8.38030552171
7.62850215454
7.89499281401
8.60117997834
6.68177824348
8.02962978898
8.19591817636
9.21102362072
9.29072371312
6.5145419047
8.08485544126
5.0925904218
7.00135577593
7.89406059211
9.50315136814
9.20217655163
8.23725652711
7.57639081668
7.98400809457
7.76294575638
10.2328682243
8.26740745868
7.99892180964
7.20759421483
10.9187994331
8.34724848612
7.38778994108
8.63341695894
8.36727264746
7.80315218768
8.64029727606
9.21706830363
7.861214194
7.33425119549
9.09219461368
7.621263349
6.81279157787
9.37434463436
6.589118606
6.85363520123
9.95143554337
8.21111669506
9.52892130149
7.4531278068
8.58827736959
8.11490579781
9.58229387036
6.88929765603
8.19630708494
8.29047351165
7.88494577999
8.77601531705
10.3107377944
10.6482268732
7.89748395896
9.54445495751
7.19330292436
9.88319009829
8.38620960437
7.61858054281
7.7244174883
6.84540784324
8.64016212905
9.5590432694
10.1434662717
7.29046659866
8.48855872955
8.34454258255
9.11458254641
7.69377473134
8.19649968667
9.04352494292
11.3408537294
6.75156513975
8.3346376221
7.06087042269
8.20779909238
9.3344523195
8.26865223452
9.3000108422
8.02914463175
8.20415363321
9.186028535
8.61624047372
9.26526989579
11.0662988264
8.63076764337
8.31374987661
8.70772567229
7.75157779381
7.73308629874
9.80657718751
9.78416478184
7.25277794744
7.99942638091
7.08689228455
6.85911691048
8.21748213393
6.38796844961
8.23128022181
8.39412252019
7.55154074831
8.27539755588
7.52139815698
8.18184969561
8.0141868548
8.22808419499
10.2474019856
6.75833257063
8.25807308712
7.56789658248
7.4188089946
5.9231901915
7.745356989
9.94346143279
9.58444848381
9.67904198541
9.22176430825
6.40176978521
7.66594700123
7.56801931462
8.60827363953
7.2242622627
6.7393936847
7.95448187241
7.43986670819
7.6073044439
9.21997918152
6.34825034179
6.8272658247
7.81984459115
9.2830940602
9.3787763271
8.42078448459
8.0879150838
9.15745028204
8.52854773893
8.32323108843
7.79082992669
7.24512433399
7.19665489079
8.0422440014
7.51229612074
9.53610375641
9.24379488626
8.15349948245
9.88078805326
8.20621485248
9.60065065582
7.96634076212
8.45789369525
10.0908783705
7.33677804131
10.0342427893
9.52300183386
8.15381245379
6.98349052176
6.74290310365
9.29447005258
7.64044438027
9.11290909347
6.4095666545
7.87687377055
6.59166222598
7.3826333195
8.15298310595
8.23258005287
9.42120292624
8.07429237883
7.99780679321
8.23608306807
9.00219495786
7.50976265799
8.26975345626
5.79321067033
8.16586492956
9.00778813161
6.55870979221
7.4280086409
8.17194963029
9.45747153497
9.68394429538
8.23506143468
8.96587120672
8.58044266151
9.45346850862
7.11589714829
8.07378994784
9.38124388915
9.61057716521
8.84343389238
8.04179592264
8.61471250209
10.1895432698
8.13071169742
6.53162935296
5.72696623055
9.60517936941
9.67490106553
9.65657933457
7.99063870583
7.81731740972
7.64997450807
6.28791414928
8.45322842596
10.4759160293
8.46191959918
7.16456201981
7.94071083458
7.43704443512
10.0442765513
9.94509008996
9.9707382986
6.43794278775
7.69916514072
8.87383899405
6.75086084427
7.07983276234
6.69722489103
9.14744565268
8.53019469942
7.88177156395
7.60799014544
10.5840476663
8.97379709779
8.35121260224
9.32619209213
10.4091252651
7.99010464584
8.89752641594
7.58651988203
9.33799068941
7.11917415135
6.48290170155
7.35660667766
7.14624887826
8.85281748684
5.88522867234
7.3178605516
5.05112564665
5.49769431985
8.92763585675
7.68068687006
10.7943785938
10.2415120306
9.52820032631
7.16626199074
11.0327700762
8.01130519982
9.87907535133
6.81742220417
10.650084552
8.27348157302
10.5097089777
8.06441479458
8.25122576567
9.90239503798
10.2897901559
8.30589192294
7.99040257636
8.36256338994
8.13225894835
8.08468688904
8.26015144701
10.1592446495
7.63097711108
8.88610272966
8.73627671521
8.18477479917
8.69706671702
9.02626834398
6.09123372676
9.083144565
6.72406759922
8.37840384544
8.44648569534
10.1376686648
8.30944967205
7.3314776877
8.73655081482
7.5838720165
8.53399077388
6.59648280374
8.18629662562
6.20892858515
10.4352060586
9.78368305934
8.49344724928
9.1940885679
10.696332246
10.5463017109
8.98983659813
7.8208333969
6.94294641756
9.96795048962
7.0030306049
7.61228546058
9.78310696933
7.86901822471
6.02959707324
7.90621115073
7.00009468537
9.77192681151
5.18537511448
10.531096269
10.3435694262
6.38279680538
6.99975037823
8.53575875987
6.75703488369
8.3866244193
7.81105912343
9.005176839
8.21442456376
8.22048228706
7.64982686833
6.65286235423
8.77136913122
8.42776977535
9.57728487836
7.42826089377
7.81782205806
9.31578937884
10.5643245308
7.89822008817
7.97155376958
9.10606716608
7.30492476294
9.64561094945
9.65597243498
6.61724604718
9.00016769521
9.94736990883
10.1883609954
7.47875110643
8.30724829027
7.80013492736
7.75139708929
8.93370179104
7.85553975401
8.41333769731
7.8165523027
7.03628175071
7.69272636486
7.5119517038
9.10646955863
8.68019350758
7.2997651597
8.01180435557
8.39379300875
10.8982609499
8.65793496499
8.40888563226
8.02974936774
7.36333358027
8.45260343867
6.77368621185
7.39500331003
7.29461362113
10.4088426687
7.99040173078
9.03381892029
6.46774612199
8.30045900645
6.49929212307
7.73206969015
8.53978749342
10.1948187493
7.41482686712
9.37906437906
9.2388244285
9.4968761245
6.79380791381
7.6238125804
7.58625605826
7.61528343854
7.04745849009
7.80867642494
7.89502662968
9.20869647434
7.55728175206
7.90736858532
5.54678546771
8.11323254652
7.01232554614
8.6195979938
8.35627515733
8.21345567798
7.47322169409
7.94427013363
6.04329866646
8.1983094533
8.19685185659
6.93071922136
8.96492413013
7.10607743618
8.41422596574
10.0318030744
8.06103365358
8.95338932434
8.50228647848
9.50593998607
5.48188705735
6.47466961756
7.61386453451
8.21489400326
9.04570221739
8.79137654109
7.45614911975
7.85404089758
6.70506108118
7.3596774209
7.6210873646
6.7076766363
7.27485719552
8.81939869868
7.60547344442
8.36872382764
9.4043167445
8.45918006312
9.87918915948
6.85619230958
7.88109781045
8.91432224981
8.60102186622
9.45164511754
8.2561503626
7.88889171679
8.15332012721
8.0597198549
7.71678095852
8.16648356348
9.34376015095
8.17438832208
8.80562909401
9.36186160344
8.21494775907
9.56876321192
7.28956281276
9.67553099552
9.16605194481
7.43156593338
7.2176111885
7.78887825926
9.58885009883
8.32015954329
7.04759115276
8.10372076098
7.96307831018
9.2982934152
8.10849509586
7.35189842938
6.8067426737
6.91422109053
7.64103596672
8.46967797888
8.34008724199
7.98322724054
7.68223895741
9.01108957302
8.13591851384
7.03609121524
8.38799026536
6.01942077188
10.5210763677
7.33292260222
7.68371506285
9.18767848884
5.98450758523
8.06981243595
8.16173144707
7.35632196865
7.62573196874
9.67355808764
9.70390725177
8.76828137934
6.8683580929
8.04308993115
6.441392538
8.88288777392
9.5711875806
6.64826249016
10.233095445
6.3968364512
7.81708757766
6.20473345226
7.28232817729
7.28493140236
8.23460049517
8.29983786012
8.22106883039
8.86170261363
6.69470368478
5.9328867772
6.64349103125
7.69001344744
7.08598883493
9.46784818357
7.37723920866
7.35336460198
7.57301843201
9.13522774735
5.5776066615
6.4033596482
7.42316284069
7.22986549828
7.65310422727
7.37347156918
6.83171211354
6.83255554687
7.40832496454
8.6615207207
8.06175620006
10.1113982191
7.41214371827
7.11661528521
7.79490090016
7.93659628869
9.16052204505
7.87684334711
7.71012609531
9.24936743564
10.6028444969
6.9572943255
7.23340383195
9.1582965871
5.96596276906
6.76260597773
7.68108833501
6.07910122565
8.71134038954
8.43004335933
8.03952205448
8.65540880236
8.51362268178
9.65931159397
8.63989327484
8.6845782676
7.27389126788
7.62809530516
7.3136157838
8.21383352533
7.69414678394
7.32596040865
6.53173259749
6.53964927861
8.30780740921
8.2534876091
9.03380769431
6.96450781698
9.21290396098
7.02889958219
7.04239648615
6.34535374635
8.92607087402
7.25051056713
8.61331198387
8.25314962992
10.2266650901
7.94395352639
7.00575368896
6.39864105028
8.23650107195
6.76700735441
8.1710594439
9.72608450719
9.3779464568
6.31118915015
8.40499651405
10.1914997727
7.98781036542
7.65737342815
7.77578876475
5.70866696476
7.84007848872
7.38513543015
7.15263566719
7.48810048517
8.23006678904
6.91709345736
6.47903429854
8.65736874892
9.90144080325
7.33596173523
4.9451634552
6.94005707937
7.99608799555
6.49875664004
8.02659963696
8.52486233872
10.1897261851
8.7856151559
10.6275063648
9.23789885389
7.07214374204
7.73296232048
6.03701681384
6.67987088449
5.60694325527
8.72853280383
4.36677228613
5.86938033444
8.49794808154
8.08147281503
8.16265227441
10.3274107951
8.68539676462
9.23068828281
7.60104680289
7.25441264615
5.69973271178
7.98950028211
7.97361602587
4.43633234398
6.96346524252
7.43421063282
8.77542059451
7.58859358978
8.23280432783
6.66318485672
6.86613679061
8.39093207183
6.78575893534
6.99453674968
6.8068538995
6.70910062568
5.68184922383
6.93433752717
7.56736226795
8.14904688038
6.08554880513
8.70476884347
9.08405597625
7.25713707017
8.43368758823
6.9436478411
5.76469069475
8.7512999785
7.50395926581
6.30072736594
7.55466269236
8.40470960217
9.97189720811
7.094352124
8.43965175127
9.25663109554
8.90053992817
8.14898813093
6.6842626771
7.85363098851
8.04729597441
7.67050608166
6.92455210267
7.19086327078
7.87762145085
7.73154477724
8.95183590131
7.02798023123
7.64497336374
6.64799452107
7.02169579982
8.0181498612
9.4784179977
7.53882090428
6.21084181896
8.80743299286
5.88374289246
7.56371274968
7.56174662912
7.28634550616
9.0595965875
5.60106869245
7.69729713607
6.49892978791
7.80736520966
8.26092973833
7.93311782049
9.72355169536
7.24651602915
6.44897390067
9.97607001465
9.77957343236
8.03738341085
8.5134688409
7.16169584839
9.06963681186
6.27643519526
7.99305334609
6.38475757612
7.53142112232
9.40803066552
7.08328854985
8.44367393899
7.49561244211
7.77651972743
6.51184591674
8.2152794368
9.25614727266
7.62439913461
8.53849913512
8.84543429848
9.6035239894
7.98808715524
9.14026500279
6.47890420125
8.9837115989
6.96850292001
7.12764350074
8.2671961202
8.75188760428
7.32371987516
6.87197738564
8.19771855929
6.6368098002
8.90781453542
7.64241598002
9.58635141906
10.0431397451
9.18551422989
7.65848873514
8.45052553555
10.1897100613
8.46000171666
8.67720555513
7.78141044166
7.54946307396
7.69215312479
8.27707449924
8.17614882199
8.24334831032
7.18407891568
9.76481298054
8.08237655728
8.45403209616
7.78852971712
7.35641388899
7.8077600386
7.76123946386
7.17845543466
6.55180868665
8.89771548558
9.94107820016
7.32997372692
7.91837556135
8.36642134818
5.96235876478
8.21849056494
7.49474866881
8.13470941902
7.93288142567
7.74819368066
8.14504468688
6.33473982851
6.53111796687
7.17705604978
8.59656267853
8.86682074765
8.38539743061
7.26018434084
7.84309578229
6.02166740552
8.90273022237
7.52415701154
6.24301515245
8.5507963507
6.67674962903
8.9492137577
9.18133803684
7.08541282233
8.43044652298
7.69807983222
7.48229015828
8.0996105035
7.93850267083
7.50268714877
6.62641609063
8.78597737689
7.83330256846
6.17228041176
7.91258770892
8.24860656657
8.27217280238
8.54365012311
7.16377397155
10.105127511
7.57202434477
8.21167404063
7.74659805912
6.78516850049
9.28227598252
8.98990658827
6.65438847741
8.74268147595
8.81745689954
7.47138746216
9.68793615137
7.21604280287
6.35484986003
8.41660258879
7.91176997557
6.29406444719
6.48900958377
7.41359490866
9.00043527157
6.7964976422
10.6467594838
7.93303697682
7.43295378713
7.90737889549
7.83162910209
6.5101622984
7.71306421626
9.03615006078
8.16222682087
7.83183433235
6.59859846801
8.13279516786
7.79954967907
9.00230834349
7.70921763935
7.04723077789
7.90515597261
7.29880003435
6.90086179541
8.04604226786
7.4558781238
8.07257218072
7.63856162267
9.15878983033
7.68670076295
8.68791696442
6.60986992619
8.7517308983
8.76932946976
7.76083762185
7.88611274751
6.99820288084
8.48068439519
7.47340223273
6.83810774259
6.66782297566
7.55100093667
7.77139222051
7.95496359818
10.3066276283
9.87824881298
7.48097449207
5.89398441985
8.99387249602
7.56476587827
9.55819342651
6.6053165918
5.468772381
6.57575933428
7.46613948441
8.44263303964
9.13931053723
4.73262586254
7.76013836574
8.3405761968
7.9656262032
7.82220546658
8.01973233236
7.1281430558
7.32919769448
9.12205638551
9.4004056787
8.90356664827
6.63527952663
8.74763433207
7.8175261677
7.29424936296
7.8114848943
8.82128558676
7.31182071896
6.62269560873
7.34034656906
5.6222748524
6.1442042955
6.81679639933
8.24472767972
5.23046777908
8.26627371855
8.95447071192
6.79347301664
7.50318928148
8.33279115471
7.73145550321
8.86667608497
6.46642983208
7.108570372
6.42782864021
8.46682596285
7.80958579807
7.2414897225
6.32222448187
8.33258375009
7.83907775252
8.47283796971
7.36024461038
7.93825246163
7.08625327594
6.68803960288
7.20590116846
6.36050575152
8.09915791576
7.22350015326
7.11478395749
9.32508032979
7.11564231931
7.95488001149
9.2980153401
7.62261529476
7.5340824239
7.27526917232
4.81537558057
8.08346878636
8.98500943979
8.09230036886
5.2275102875
7.60605648891
7.31345086976
6.35433182462
7.4837274829
7.04597594286
6.37031710892
8.39131033781
6.48819287275
5.01683558788
7.1670824656
10.1934105554
8.02682282176
8.09128209904
7.88810334681
8.22711234336
7.61899677199
6.87714121601
7.12361346299
7.48070906755
7.3050568526
7.60079459238
7.40437751989
6.97894453408
7.30360033782
7.16733042299
6.34962347454
9.32787234327
6.83624864571
7.40553002375
8.4613515863
8.21676924621
7.02789195204
7.30451547575
7.7200740112
7.72668606356
9.97356977886
7.90395594775
8.52305207813
6.49643880205
7.41825533191
6.99370412625
7.57951762695
7.97226502668
8.72812764774
6.52090898159
8.36716492711
9.04246619663
7.99655661222
7.75057564806
7.02710606789
7.37155961402
6.192265143
8.17039669125
7.09598751522
7.6333505419
5.96387119212
6.39957308984
7.81004568261
8.62428345589
7.25101931841
7.36122854659
6.58693247025
5.40838426507
8.2711891423
7.05583473023
7.24501763428
7.83180918457
8.69582055333
6.87251405436
7.44410446394
6.8638531103
7.73141000747
9.28867364997
6.64825076218
6.32544493515
8.31489795447
7.46972513902
8.52347598394
7.90040958329
8.36208475463
5.86123493177
8.41725246486
7.89248882009
6.34324803582
7.27171746057
6.29884288468
7.10747757174
7.88226421592
7.13393517124
6.70059443095
6.83581333652
5.96436256391
7.38681563703
6.96650603533
6.8953350855
6.98269726413
9.43661119937
7.64249448058
7.4562247719
5.75174513247
6.30234796898
8.88520580642
7.6688544402
7.41363568274
7.38591500244
8.9879891468
7.51204433603
7.89964240595
5.38816661615
7.08590201471
6.71789669392
7.82969087971
7.16876096126
7.40727952831
7.36991461026
7.83676521575
7.88169818637
7.78486203621
6.79040059165
9.01461817586
8.93025611794
6.11986661108
6.81557946694
7.36180797679
7.63404043399
7.41226893121
7.07188938354
13.284555056
6.50153744226
8.38289169004
7.99204831998
7.41059363146
8.80008093218
7.20752080367
7.64332707006
7.26795027223
6.89316365855
8.47406815686
8.56636454769
6.75524200314
7.71971273636
9.84607264781
8.93305632339
8.25615259294
8.48849150669
8.2096137052
7.26350338105
10.5799183564
8.43688414019
6.78268964439
9.15895101372
8.25508741724
8.31071856175
9.99057647948
9.44087395846
9.09646580371
7.42809714362
6.53913629009
5.91184176006
7.88787519603
6.52374966687
7.27497246955
8.20190891894
6.77421253876
8.90711278365
7.72185482568
8.27808310335
7.40898843103
8.05125840121
8.11942148815
7.50240622022
7.4314363492
9.28589550482
7.54759562419
7.45764480307
7.92087564717
6.60885915163
7.29811357746
9.20782491323
7.11776005344
7.32501672614
7.32206673155
8.07474662104
8.99128753033
6.90931621747
5.69488732551
6.9571294233
5.9478186593
8.06398489785
8.28599159482
6.3092483153
5.9758211059
5.34186140008
6.09075587575
7.85395891739
7.68330757238
5.84373719928
8.19345849039
6.71474550574
6.50127565948
6.04398870079
6.03564912238
7.02482234488
6.75885226654
7.72385658342
7.59723703083
6.41178716772
7.06317299915
10.0491698944
6.33780205052
5.50665067513
7.8166022906
6.2131112044
7.12281541109
6.62107011321
8.60059014171
7.56225802583
8.34082442415
5.75312649179
6.99651167645
6.16635363817
7.58556893597
6.81554667605
7.62010723735
6.64607379898
9.19322313858
7.19557633451
8.02526758278
8.19545205011
7.27992719791
5.96058353748
5.77542340471
7.14814001163
7.4399904648
5.92285223422
9.29484856166
7.36781654613
5.81878433184
5.17143688404
8.76091873023
8.82921460075
9.84824319469
6.30496159582
7.61775482882
7.88070572376
6.78449531728
7.2780844083
8.57776548014
7.37361607565
9.15501321944
5.69371479956
5.09404481349
7.31085781519
7.14439093364
7.72354969057
7.7150136793
8.37326186684
7.4249406114
7.28376967866
6.6342676993
7.69094884959
7.48337551793
7.85100802549
9.15458265351
6.66174505786
6.76297075654
7.72149568237
8.49504097506
8.8197255956
8.63118486056
7.74610404215
7.75205207275
7.3774472166
7.25609965939
6.49566427435
9.04653454576
6.2285741818
6.22581570289
7.17369658548
5.52644029586
8.19785683409
6.87703745943
7.33236831377
9.15263640421
7.98591711132
8.10604419375
6.97796559756
6.83147981391
9.00947030361
8.78717009331
6.96583069137
7.40069554604
6.94740335095
8.76384399341
7.25064080501
8.34199627586
8.64504475018
7.18918925211
9.70872683013
7.21641660232
7.87641605297
9.58919717099
7.44234471419
5.5660077043
8.69447794872
8.16558978125
6.78831597139
7.65743713179
6.46584291466
7.22024658528
6.79271477798
8.00276325193
6.58061042719
7.60401398725
8.10652951016
8.68512959547
6.87661636405
6.65211524047
8.07300251626
7.49991043256
8.3125603924
7.35350389872
9.76591838978
7.37574741758
7.80261966469
6.99595734379
7.31348311392
7.17559902415
6.61673431356
6.29258486746
7.29035316318
8.62167408492
6.81264857206
7.13841529833
8.86091985621
8.04573823718
7.72353560885
8.13308828279
5.41598064427
6.976357449
7.63996596488
6.63539027357
8.14688918091
5.21854418368
6.67788993496
6.46415142841
6.64803159012
6.90596469407
7.05054041019
8.04935734488
8.34104926654
9.59048163824
6.8114569515
6.83608439646
7.78711337911
7.32124376754
7.36862341748
7.47714496763
6.15032477199
7.86992221797
7.5045352342
5.07055569431
8.18432385106
6.67701716297
8.46754436759
5.27125602408
8.13760980507
4.66803420434
8.14924129911
5.22478910481
7.51140383031
7.15130978347
7.03183942262
7.07361891536
9.32462605733
7.02944529138
9.4304573734
8.57391616764
8.11046230205
8.03447269813
5.14568367931
7.13180738344
7.41210277662
7.74155613959
8.38291472382
6.77385733389
7.74341992194
7.26754824903
7.99605256069
8.30980977634
8.57211300535
6.10619042377
7.97220769509
7.87673218191
7.36152713862
6.2351675839
7.59411724598
8.00126314882
7.09654632933
8.91923789967
8.03458634616
8.2591719382
5.36054372885
8.59641790869
8.77181679509
4.81526715483
8.43417430246
8.12873286937
9.4052906877
8.50510342512
8.14047845038
7.05464915811
5.46072656062
8.74628421803
5.62426396967
6.5912878178
5.87669037999
6.85753722429
8.50914294292
7.88763038824
6.27249339852
7.61179981219
9.26301362618
7.58841151738
8.89958349653
8.87302200937
9.90955516529
8.90290317878
7.05209067221
8.28835110328
6.96082357714
7.80486161143
6.74222166373
7.53043878218
7.51423041191
7.82641187706
7.78307559944
7.12389330952
8.35015943307
7.47380911632
7.57264356244
7.19467250806
6.7399505839
8.58092770367
7.38776488355
8.02239862724
5.89068930563
8.73478465707
8.47198500599
7.77913042895
9.10928943451
7.52408490047
9.37685643752
7.00535271736
7.99891152934
8.63420299261
7.46097012316
5.45990310384
8.93873722921
7.08400217775
7.04286007483
5.81735936703
7.18718687731
8.16744325623
7.42708552502
8.34685767042
7.39516246861
7.83968229426
7.03977659172
7.44340301513
7.02305308714
7.7376694694
6.84610983313
6.81785120806
7.04476579255
7.84814680129
8.63695898539
9.35677662735
7.44590366457
7.08808820344
6.5598147538
7.07973091935
9.54606639918
6.15082879794
7.95794729723
7.9690914164
6.60768400035
6.90276918961
9.36579155203
8.44065196301
7.27955135927
5.73017966025
6.84627595082
8.23648741256
8.04826624856
8.63402946562
7.66505125449
7.66462661656
6.61897186982
7.10349673129
7.78631664182
7.21116133022
7.00111678379
7.30403743631
6.99416116208
8.43960897892
6.75518050703
9.66779649557
6.43751067405
7.28763533901
7.86532988869
7.96779251664
7.93618235394
5.51742350452
5.37018431388
7.74629828405
7.20265965471
8.27086286492
8.14268599785
7.46792471473
6.80000422342
7.99084449091
5.18288730078
8.92616047597
7.05334805422
7.13649080584
7.85543170063
7.45335461806
7.28337219086
7.17778306245
7.87834931585
8.39757145561
7.19738274017
7.7588228228
8.74081975783
7.84721886311
6.76100411126
6.48471610233
5.86113939377
8.16387312065
7.34303560768
6.88924702716
6.75490147045
7.10685901074
6.36056006218
8.26363345407
8.53776569631
9.22549453098
7.38303783745
6.41696735644
6.21069167095
9.26942769206
5.96003098638
7.69357069528
7.88467034726
5.68213936166
7.19903224913
4.86008521781
7.04652821664
5.61002523014
7.85994522926
7.96953848048
9.53941028817
7.27339856652
7.95060281062
8.46871403019
6.07691073731
7.89567868953
7.680687937
7.85762906327
7.26239465195
9.23112292679
6.96259232521
6.81507147462
8.49567225478
7.08540632939
7.26254381405
7.50711377116
7.50642693637
8.37915684357
7.75248024153
8.49201276879
5.78276963851
6.43410620021
6.10826940523
9.64760889558
9.50371835336
5.9045046174
7.29156586221
6.45083993184
7.52706380512
7.89075477032
8.58734388311
8.10344671462
5.5741540854
9.1209718231
6.70429036219
6.28906259395
7.99183225999
8.65080763987
6.10853162825
10.0255703566
8.59999706831
9.37658074713
6.97686527725
6.65478045372
7.11126518625
7.48135223343
7.39692138729
6.94797827537
4.73291177723
7.55293762393
8.61965950908
8.75593673729
7.74487785888
7.9786581598
7.36121813039
6.90124107683
5.2857838518
7.75868216923
8.05179839952
6.55886119906
7.39346510933
8.92096601738
6.7074611891
7.69717494612
8.19706022989
8.10903936961
9.37537945579
7.61903389875
8.41679013957
6.93813100959
6.87421862446
9.10835143226
6.88524809547
6.51961001166
9.03454318061
7.26872282377
5.41756274363
7.56379078378
6.1190997681
8.02380902598
7.82375569519
8.60589842967
7.06348863993
8.58105294768
6.84864822883
7.20120678181
7.24092725698
8.16505004923
8.33223929751
6.34051598059
6.61618276061
6.02293636272
6.80284091907
7.15983039813
7.22266651275
6.15127227416
9.07456560412
7.494677013
7.58608165676
7.11459857779
8.08592118177
6.02908947564
8.33487095519
7.57519329621
6.93344019856
5.8313644236
8.39929969205
6.37710074406
5.89330327042
7.28111895625
7.62535014773
8.16619485569
9.58547562066
7.90814178859
6.9295250365
8.23483514601
7.5444673269
7.79889877028
6.16232690377
8.26158791239
5.62839697958
6.46219672614
7.11204931471
6.03755885488
7.95791580546
7.91306565574
7.46601203793
8.66468716947
8.0846124615
7.9978309881
7.44965409264
6.66487239889
6.21683563546
7.43024755679
7.34140217709
5.69623888057
6.31503196272
7.54084984897
8.99627421683
7.78681876051
9.81524852386
6.90389825795
6.77377723818
8.48494491489
7.89207459757
6.74015736607
8.3011314107
8.72849008213
8.61520737181
8.67362548477
7.78821416583
7.37166717867
8.02929177
7.61134175913
7.59864674199
8.00896608816
6.36510474407
6.61032140216
7.1338348266
6.08119304602
7.66077394559
7.00816324878
7.41260918011
7.97432739782
7.66391139375
7.0774447072
6.36447693908
8.43202283086
9.10736828525
7.31981582988
8.06635736941
8.44374101333
7.14429710026
6.82338517981
6.79340123258
8.27288697856
6.15982951004
8.35657226281
7.04532409873
9.34304550068
7.50359844642
5.33900095922
8.02357155606
6.39790208224
7.57618875614
7.81934615024
7.27921135904
7.07159541415
6.8675314275
7.82031595363
7.89996616262
6.74901477573
7.80352649149
7.05019637936
8.04597046582
7.57112178697
7.2549531054
7.14952271074
6.37476317816
7.56554543535
7.89535993638
5.8303714298
6.86530338679
7.54728471174
7.15557261563
6.68391162949
6.70331848874
7.86683886619
6.9567508729
7.40692052669
5.29774374202
6.09860798676
7.68672413325
8.10456183974
7.06586613923
7.69525501567
6.94533666849
6.54966971666
6.51115225443
7.22014153134
7.53627727819
7.73728621224
6.61398588685
8.53039697258
9.07527929153
6.9415195527
7.57622162374
6.15225444054
6.3841737942
7.7810403421
7.09861378699
6.14411116693
6.02036919375
8.30967739983
6.37634687924
4.73096766025
8.13635627968
6.83044991934
6.81549623189
6.4457348928
6.89563545642
5.88149018309
8.22169147396
7.56631727642
6.133447417
7.00759435491
7.38126643863
8.78030387378
7.00777397051
5.95557945218
7.96278408375
6.69006260416
6.79301335937
8.48747732073
7.27172701245
7.99491678147
7.81174113898
7.80454985331
7.70281415192
7.26971671263
7.63805270974
6.30862017185
7.15976645102
6.35682062098
7.13630465427
6.30588052341
7.77383856739
5.82859709811
4.51080664637
8.18421743998
7.94012456763
7.05252518992
8.42793561059
6.12445576414
6.73505667261
5.96879056355
7.9983440469
8.5377422713
7.63473900797
5.12716801012
6.96801531963
6.48007091941
5.46037013683
7.23121740528
8.81679429796
7.55383103465
6.95477469836
7.82425728954
7.00828314596
8.01345222865
5.41866893126
6.84617900855
7.48664005533
8.61934968896
5.64567058953
7.04795120205
8.29526561471
6.95325768173
6.68833875886
6.53423519343
6.04489336736
7.3778272453
5.47165153477
7.22665666457
7.07154286898
8.35239520804
7.21780886677
7.51962832415
8.72695653201
8.36256728944
7.86351474402
7.0235416136
7.85163877922
6.28521118822
6.1825501366
7.36503794847
6.81235586291
7.36170523643
6.90010855566
8.60802160538
7.30112824946
9.18664296582
7.73192072882
6.74136864192
7.05771434594
7.75611290044
7.93081154326
7.78936850651
7.39696832409
6.66800550762
7.16064134134
7.05225071803
6.2417274167
7.72831401312
7.41848319835
7.00500486325
7.58210348667
7.15287420719
6.77903464293
7.03601100734
9.19239668629
6.31142321128
8.10826172387
7.89865161676
7.34679941953
6.1355992394
6.84222250805
7.30121884132
7.68300806968
7.22468882325
7.14577127699
7.80387026193
6.19704979021
8.11459841779
7.04218575442
8.91608297391
7.90861497884
7.54261013877
8.2066620142
6.33849061923
8.09340344385
6.36805580241
7.47936706867
6.9193012212
7.53907524436
7.18655931134
6.56877869889
8.70326356395
7.55381816371
7.15123540526
7.86014091583
8.71983426771
8.38302005191
6.81300401542
7.37565886767
7.68366074006
7.70982824712
7.32165364363
6.00089047238
8.10633653185
7.41431484678
6.63059186151
5.53069332015
6.81056503911
8.45623264261
8.90849946993
6.03219723751
7.23647001499
8.42618926007
7.39350738846
8.67316093429
5.62554213734
8.81831476823
7.455221252
6.96429343899
6.30236313143
8.66901344581
6.77920936855
8.16374889789
6.16215287437
9.10773438502
7.04976979543
8.0303860569
7.55037432248
6.92372511746
7.75724583133
6.36589866775
5.90315195021
7.57508656883
6.61724758221
7.14549508774
7.01883900867
6.8103070531
7.80239585011
7.14327291658
6.2882086579
8.71578779188
4.78598215228
7.42448573745
7.79196118442
6.86269728451
7.92418273279
5.39666104312
7.98832033337
8.17493235489
8.61570888116
5.64425716019
6.98501894746
5.81603036484
6.97251363092
9.15299927713
5.75426930322
7.86251864959
7.12523156457
6.94181536793
7.62841671915
9.67110055848
6.46945025096
8.20805608399
7.17805923076
5.75929447454
8.28007713326
7.01075858595
7.08760846735
7.90557007957
7.20064077312
6.92622340938
7.67313659704
6.92414413308
5.17178900961
7.93796363179
5.28990676298
9.52319215795
8.08578307017
7.93643114522
7.13745675741
6.81784945978
6.50185676007
7.13077653923
6.47715679961
6.02745365709
5.63166271913
6.84168784755
7.71839226712
6.62270337107
6.40683912851
6.02931151482
6.44974069066
7.10290306083
6.90809663792
8.42290486987
7.20348106122
5.08796163051
6.67470119863
5.07900877352
7.89807549841
8.25284654369
6.76210983436
5.5576606118
5.25571643583
7.18262629774
8.01191157299
9.00186339536
8.15567059091
8.69134922778
8.53074487065
6.15717221075
7.72572104434
9.38831809659
7.70925520108
8.19194504285
7.36849763027
7.29015456067
5.97545184177
6.70998450135
8.6094746165
8.89030204447
8.32248392297
6.58602573297
7.30060415251
6.40500942948
7.36623050576
8.35489632909
6.48884534337
7.88185412463
6.68931135703
7.88817570476
6.56484266896
5.57457684058
8.5863515116
7.39268105131
7.64371015308
7.96522105959
7.15245323169
6.94245869919
7.55874421747
6.80606618779
6.47095856869
8.1509437155
8.2835564601
5.15546561279
7.07726568132
8.57354107577
6.0806502103
7.13679926254
7.07841401651
7.28095139768
6.13924850156
6.71839123726
6.68106986897
7.55208583352
6.79118712127
12.8640612577
8.99433931972
6.29591282409
7.33973930801
6.62383368715
7.37565451056
4.57074293209
7.00893893889
5.85024223574
6.48817427468
7.23231186994
6.94642594424
6.51173856733
7.31705011542
9.25374444853
6.66385911419
6.81182812817
7.21268749966
6.3850471428
6.71894159686
8.18611206776
7.13917731893
5.99167443235
7.22393596679
8.90938663712
8.18093315437
6.51752014757
5.65212788451
6.57434325239
7.0545590767
8.08642299
7.52794671506
5.019589687
6.92316486065
8.11771238871
8.01047490674
8.55013282487
9.36375385792
7.28004176976
7.98704808082
6.4319165278
7.96567905638
7.70370314134
7.53801390665
7.26627459826
8.27151891486
7.2995007887
5.19056746594
7.16195101673
5.04265431436
7.12864531802
5.77924681621
6.14446829007
6.9396769854
7.99169026658
7.08950167806
7.04620138189
9.05766864295
7.50072977565
7.66787608019
7.76432514409
6.43307943405
6.7773509234
7.81120452127
8.25787692834
7.75895463227
6.548628362
7.05302814382
7.31849680586
7.22871318545
7.72330208958
6.83356306892
6.45638110004
6.85106180538
6.05019089104
7.07746902146
7.40442857335
8.42115311792
8.84385524866
7.74727837909
7.67359728499
9.13814589184
6.93397682736
7.29790862382
7.03262795184
7.54629592902
7.01660269401
6.78787224804
7.55766857811
8.54764493314
6.33088950242
7.01357814679
6.69524271609
8.19088475667
6.06042825922
8.88768062181
8.54808155011
7.45975434244
7.80355759072
4.34256235838
8.56698034191
5.22898532977
5.31317713134
7.02143064255
7.2903027956
6.99536042517
8.48156826713
7.59719405694
7.71305914805
8.02987426996
7.2632078267
6.89315271948
7.40297125898
7.73860436589
5.13253222381
7.90579346039
7.30196295533
8.95502773496
7.37529485667
5.43145457065
6.30613537668
8.62092685675
8.33289702883
7.76217951431
8.42002457446
7.9424042312
6.61991576755
6.87057778727
6.04175180729
5.97882584184
7.13205304637
7.28022682113
6.86565046858
5.86607677656
7.01096970056
8.09759853025
7.22436618675
8.11322989909
7.10811253297
8.47856284757
5.49927973347
9.51399484099
7.70720116379
9.06024462418
7.13255577547
7.0220493784
6.97155409027
7.80391073542
4.13761229112
4.84544419848
8.31337347789
8.23550921408
8.55496754084
8.1042349476
6.12166337878
6.13232201176
6.40990117997
8.19178281326
8.1072384592
6.76026243805
6.65827927688
6.46803827289
6.85425885225
6.29055611314
6.95273815707
7.23991617026
5.87055488827
6.00918927831
5.69435121435
5.28602807934
8.34650892219
6.68321445757
6.53778181353
6.53198705658
3.78190747834
7.06424688956
6.32687211483
5.84318221844
8.65750380464
5.25540094982
7.69617872241
5.67277490695
10.0014229758
6.40819947014
8.43215348539
6.83120033602
5.68723869828
7.79193477866
7.11403706303
6.89175141668
7.9018764105
7.90106012079
5.24419550014
8.86477884746
7.08683338891
5.07328992303
7.29843017581
6.92495221751
6.76243776467
6.00677978472
7.10439520434
6.96533264842
6.99329830343
8.4549289973
9.73182869157
5.8783542912
7.08256082385
7.61739292239
7.98300322618
8.72196972911
7.42970559242
6.20840827134
7.33761820844
6.61590206141
6.54397193454
5.17966075101
5.74950018206
7.75227562239
7.98826643265
7.38895515488
7.73718476521
6.81054877706
5.97521936945
5.27715015023
6.58009129205
9.06454948257
6.16843570291
6.95652165654
6.32928378861
7.87204062996
6.52325221854
8.27427411042
7.3568250122
5.42724564843
6.81287215692
5.53079057659
7.59734223649
7.78982760987
7.58241661355
7.43493210939
8.40469199908
6.16772394264
7.06087325985
6.32059251638
6.49709387942
6.95944283908
7.20251331038
6.82446452335
6.1689165504
6.79666347616
6.57841236966
8.31482591113
7.31354925023
7.15313899245
6.98801470433
8.32457975506
6.7441314131
9.53138419432
8.06555002176
7.2982900802
7.57952041199
7.69508042889
8.25711332039
8.47476591079
7.91164417729
9.19182220067
7.65762924042
6.78672204011
6.37187117502
7.28707068591
8.75984650179
5.81152028425
7.62557595171
6.19124627735
6.5504475934
5.04998998006
7.48981875746
7.94450173695
8.50757903148
7.33567496906
7.24193120125
5.7296807393
9.42477848458
8.48544992947
8.025957586
6.34868434703
9.34420563334
7.16147665852
8.4466040283
9.43611102364
7.85055149154
7.50400240604
8.41949814974
7.98126270673
6.85889411642
6.91005724149
7.02091119963
8.06048020551
7.11395320643
5.94633210945
6.33969988595
7.21746725454
7.49019872565
7.09249079993
7.49731425517
6.73051221498
7.00313525184
10.2335992931
7.94365519831
7.23131880191
6.97988442885
6.23232204963
7.06399351379
8.24792097872
6.9017487036
8.17878728815
6.91506047031
8.19004122997
7.20499602459
7.33654417774
7.65573441566
7.10386108156
7.02685199288
7.7589940018
6.35803864222
4.1589822058
7.41801705909
6.67184491767
6.83393987082
6.67314923051
6.2790961971
7.9409181345
5.64187086111
4.53004263465
6.94897321087
5.4355976377
7.13516163304
7.258801628
5.51964455607
8.1457640109
7.3671410687
8.42719503633
7.01066799639
6.47590294467
6.82001724623
6.62187630169
6.56269299542
7.0877949565
6.97380101566
5.92695902848
6.68911020737
6.9384288677
6.30316544635
9.2885875789
6.46083526009
6.74084543228
7.59824741671
6.52520766578
7.17755201501
7.09056210779
6.8021557585
8.52378838447
8.73886480571
8.18176082518
7.18815869873
6.81068715848
7.47514780634
5.8234490896
6.31405656873
6.80506667876
4.66810136169
6.68640135112
6.15192341077
7.38072564946
7.86007011067
7.71601612305
8.01131687767
4.88256944962
5.9582496547
6.49180125492
6.87665030543
5.9098225663
6.17039944559
7.59621726457
6.78846808735
8.21283538869
7.29837117198
7.26287532135
7.51969014727
8.91198954223
7.03672223518
6.34378945077
7.85659189303
8.25950058254
6.51008845353
6.2913264358
5.55946094806
6.57062553966
7.48505162864
6.27894153804
7.52810363065
7.77682698476
8.80511665285
6.987454529
4.96206254653
7.93366732682
8.34533095779
6.44668359176
8.67941641251
7.73344318837
6.26742679352
6.33613512501
8.3189472795
6.52903006944
5.16088358845
7.12808338032
8.68223982765
7.99623589742
7.64483040754
5.50427598613
8.48529328123
8.90478403117
6.08351524716
8.48215745254
6.68980145108
6.71956055293
6.65739868247
6.37222239677
7.81160091869
8.1139964368
5.83630360955
6.69260489165
4.90483689467
6.5471550915
6.63798400441
6.70107930027
6.70876078633
8.91434255711
6.83141323494
5.86035929763
6.14759349956
6.19498156916
6.98010812142
7.74494842024
5.82155647374
6.39303892306
5.73243331781
5.81058395953
6.50208979007
6.90113691689
7.7640635321
5.60806160541
6.61515760415
6.75322605518
7.14530114615
6.71233649921
6.71000682766
6.4603023507
5.50269106792
6.73127267798
6.36100256373
7.23990042469
7.07863747654
5.56908477936
7.42520060546
6.9250580709
6.8354282886
7.80587618746
6.73378819132
6.9749670796
6.0549227952
5.18164983833
5.42091809571
7.73307545537
7.47656754812
5.36971356758
5.29375092408
7.06949041795
7.57336952409
6.56251202746
8.0083029485
6.48588089595
6.67477986001
6.37009864823
6.61325694976
7.72696549003
7.54938323056
7.1729319502
8.4889520819
7.51333317424
7.04004816482
6.7454030802
7.38930934562
6.66136632322
6.89679301839
6.7933654555
6.39392134268
6.54981611558
6.99105830803
6.48936406637
7.2529049723
6.87973887641
6.61958546272
6.51699544627
7.37371528784
7.11334186803
5.24769056373
7.5345355836
7.55817622434
6.7497857761
6.09652283132
7.01061384648
6.69990237012
7.04243544625
6.36508948292
5.75704586888
7.96238921845
7.89413029864
4.99793597897
7.19153682339
6.49163310425
6.04475133442
6.92386259663
5.68792714061
5.96499993418
7.69870265895
6.40662586197
6.57995578756
5.13424901346
6.5201100135
6.84430132181
6.1909030346
7.31796017206
8.39037748231
6.96859268673
7.14517982466
7.12807125169
6.51368027284
6.02977864612
9.2698108235
6.14312397223
5.7093997793
6.52194465619
5.92248026364
7.56160458896
6.99540660104
6.71236204432
7.07815701649
6.07212267642
7.25288114108
6.56049105372
7.12009591347
6.4688321315
6.71693922957
7.89242870161
6.36225794417
7.75072713828
6.37241762528
7.19952009026
6.65960231856
8.31319748376
4.94639612642
7.51214883681
6.85357611913
7.02205642242
6.5741731414
6.73483403903
8.0243848417
5.48262203599
7.12201753813
7.15886050547
7.33310583262
6.50020082549
8.81209993661
5.81669366371
8.59039442164
6.99125700929
7.81202964263
8.17944053201
7.5734701013
7.13155277077
7.86274304855
7.52492463437
6.33973729064
6.08043757268
5.41646139974
6.03263285142
7.7495681516
6.41956610389
5.88002628514
6.56579254851
6.10979700955
5.61049566577
7.13137520864
6.91470247539
8.35990077616
7.44535315605
6.84952512055
8.19616992664
8.95333325244
5.61818746069
6.26833356766
9.02373415323
5.77991859476
6.23915280946
5.95150878884
8.62655071002
7.70055162004
7.37950180787
5.46762589983
6.90965945261
8.09555552288
6.05925566245
5.48993975308
9.03247943107
6.81124993687
6.99100114263
6.56864815457
4.37740810297
7.67006442413
9.21803065163
8.39846985227
6.87020612478
8.50012689864
6.90261934797
6.04633117982
6.72439690412
6.05445215635
6.61054966599
6.88043531733
5.52288534945
7.1774287191
7.40035258402
6.58321373034
7.0152268653
7.18340921644
7.03174935639
6.96928891373
5.92440547407
7.04969536256
7.14720523811
7.51730368763
7.29170632426
6.3828300454
8.16988267089
6.81822552571
6.78324293216
7.18392696019
6.19587718155
8.70379548853
7.79264063198
6.52484080971
8.35939121875
6.57829954907
6.68806912302
5.57284795059
6.20884638922
5.32726300725
8.53582720265
7.5634679983
6.21180002924
6.76309303841
8.40849303821
7.04544680857
7.10613078326
6.74837263167
8.67342503079
8.13966524511
7.16367495302
7.45158466566
6.80955040284
6.1253223044
6.16573899331
5.90665437842
6.99233085752
6.54337805315
6.82811075358
6.64695907711
7.64803900173
7.77400337292
8.50430034627
6.67782549538
7.20344024113
7.37273729197
6.98717259728
6.2129668505
6.32340515175
7.43326231626
7.34274493193
7.48053242879
7.85115328115
6.63865712022
7.21126608441
7.7491276446
7.80236844714
8.29799573129
9.25433292275
8.57322769373
8.89284707184
7.18458628065
5.13874185128
8.499087779
7.64002228458
6.4241015838
6.63079497145
6.84077831541
9.03905013092
8.05565569552
5.0554723905
8.08350552981
8.62048900346
7.33248552847
7.1573451256
5.98819593995
6.07653924955
7.25813123402
7.0830517396
6.02985054879
9.27581795136
6.2278882139
6.45805068352
6.84105319831
7.05731794426
6.95742609122
7.24555832046
7.22368482593
5.75375357583
7.47394181554
6.4178030566
6.18700354183
5.94523200788
6.72103296966
6.40552590617
4.41152118233
8.0604600932
6.74251163663
5.23189622832
5.34872130409
5.94951696871
5.91362262042
6.4871732394
5.39563614932
6.11659891031
7.80693419794
7.02749936653
5.36330358441
8.63995488445
5.37281851862
6.76973380394
4.43457807209
7.71526600325
7.20352208296
7.0069823929
7.01610282761
5.63888110485
8.28445413442
7.60763262687
8.42097286193
5.47587442486
6.96568306863
6.00939639246
6.79335965995
5.97516362154
5.86972905824
5.46317910385
6.1419359191
5.6512487967
8.82347706663
6.74600181223
7.27475666389
7.67098390104
7.96028558979
5.34797581931
6.27231271348
6.46093510361
6.26864611981
4.43505415722
6.65620544329
6.62677878104
5.94791553296
7.15453362334
6.67353341091
8.55696383473
5.62597818878
8.44228754671
7.6131566859
6.9257956246
6.63659336577
6.41660410348
6.4320634777
7.19266190207
5.39474423673
5.80772705518
7.21880741914
7.86327774085
7.86469606827
6.31799156961
6.06242706005
8.51878685823
7.72618640112
5.46511926843
7.08123875791
7.13778910784
6.98560284811
6.50800090264
6.54397006524
8.04409866184
6.04538465979
7.49744460722
8.1069991611
6.87499359598
5.55269068062
7.65272162288
6.28496364823
6.20989037794
7.03180164778
6.60403462894
9.16902857734
7.3436857257
7.79654376329
7.57333416739
8.94499483471
6.86132540619
7.92235053776
6.73144558918
5.75363821748
6.86180816549
7.25844464793
6.60433572
6.58436686567
7.08584629334
7.19562289209
5.26787310603
4.92851472828
6.21996917254
6.39666207404
6.46504338576
5.82990956562
6.85744175239
6.81307676736
6.75477130829
7.18959902209
7.36602385054
6.39394346362
6.9628843928
6.69622245445
7.59033581423
5.99109383586
6.01020810005
7.31933246733
7.77166773396
7.01232625892
6.30048098935
7.63657637653
9.62382117232
7.83543754977
5.81785003893
8.84125998751
6.71353422356
5.95311982719
6.90613197443
6.84196902272
8.27089429304
6.5492538288
6.73422638795
7.75142576534
7.06488271504
6.97810411528
6.92680188066
5.6576095531
6.9809574831
6.14308622401
7.31192828793
5.85635380478
8.01832286218
6.38155687219
5.7776537868
