27.0798141157
26.0370423248
26.1590005838
21.964657847
25.6221948212
21.8753621409
24.5086803998
21.3080543764
22.7464238529
20.3211935429
21.0643041286
19.7931197801
19.6976791319
19.1592135994
20.5940744862
20.6047930755
16.7627578002
21.6890400668
19.5257422561
19.946869113
17.748476295
17.0218781087
20.06405687
15.2019216666
19.2338771913
16.2746456698
16.1629112466
18.1851605953
20.1924172971
19.8259942631
19.7210736644
19.6113290651
18.4055467399
18.2384158219
20.041293162
18.6889665392
18.3916888326
19.4158742009
18.3030090242
18.2160500521
18.1373086971
17.2655572876
14.7861298572
17.890513789
18.1062795509
17.8476724279
18.6917598528
17.7847929443
19.0466861913
18.5853617804
20.1404811644
19.0071868749
18.3262159882
17.6315173943
19.4639486063
16.2949696042
19.6109858082
17.6966831549
18.4829145846
18.5628119132
18.8409671621
17.2443328858
19.3226140212
17.480567662
18.4830199025
13.7775804127
19.8773635598
17.6728310275
16.2725729749
15.8486808787
15.7108343869
20.4423127877
20.6070006552
20.1217153395
16.7972221021
17.5383447399
18.4362028631
17.0797900488
17.9106696756
16.0927119416
18.7556151458
13.8709779614
14.8853694112
18.599765099
19.1695777784
19.0673337099
17.5314030364
18.5746447003
18.5409860867
16.3189870197
13.5345534126
15.6018722306
15.958191779
18.6156102651
19.3404141138
18.3489916053
17.9640552804
15.5161749666
19.8678041426
13.2659967019
18.5524393436
13.2390052315
15.7366296257
16.8592555462
19.1760943895
15.6186260038
18.7824935504
17.8809246226
17.9327621318
17.6012349959
16.9053841959
19.5805958828
17.6863121009
16.0670382103
18.6520035007
17.0841884569
18.1721607852
15.807384976
18.0823414577
19.5309205203
16.8042179227
17.2473683726
16.0749647245
16.7540865378
17.9769310921
17.0487781608
15.5221593391
15.7432088445
12.1748374775
18.1842049452
16.1270610589
14.2023281176
18.8946208252
18.3746298068
12.0379623885
17.7718211286
17.4130743068
14.5562872292
15.871721686
18.1495161114
16.7965004912
17.3664252459
18.405340444
15.6761360293
17.4338592701
19.7146691731
19.1105666022
18.0815362592
17.0151017506
14.0197145949
14.4916752093
17.4485360907
18.152791307
18.0844578206
16.0401046468
16.7964569248
18.2547711002
17.3064854174
15.7744930293
15.0699078159
16.5621589087
16.3631036229
17.9102213323
15.3619521281
16.6778303418
18.8771447301
15.7065981413
16.614423317
18.6180919943
16.8455580314
14.8131140648
15.5976717894
17.1564487323
17.6308199136
17.8393296312
17.3166432322
19.8403242164
16.0040745765
15.7930405175
15.3697988068
17.8190494713
16.9127725763
16.6740110813
17.2900065762
18.5497510238
17.070099082
17.2567026886
17.0472923699
17.2209769202
18.3848924867
17.9655678791
16.028532426
16.3095595234
16.1347422886
17.2559774633
15.3153809748
15.9464586109
17.2021220083
18.1388733582
16.3139631703
17.0938999185
16.678129244
13.7776058319
14.1512399778
16.0832193059
16.2155593701
13.5809600818
13.7216577354
16.4793903149
17.3103579965
15.2663851814
16.5650249254
14.7627785067
16.6360871507
14.6806549477
14.4431466397
11.089962311
12.8627152179
13.390476973
16.5449874119
15.7646010604
13.5966671501
16.5207155049
17.5251946669
17.075293848
16.7811500252
12.5675663474
17.1472889715
16.4317242122
14.4488262018
14.8334030981
14.1159608505
13.8229279302
16.817416288
16.1858957735
17.0371255278
14.7831091388
10.2399689465
13.8585984969
16.0338371278
12.191835151
15.0951490073
16.4328789696
17.3054083921
16.4232632197
16.230653087
15.7036768595
11.3399243996
16.5076263941
16.0692694941
15.6578095006
17.0376223308
16.5011706486
12.3092922056
15.6158476351
13.2120752465
15.630702835
15.1529875724
16.9952785899
15.6881947183
16.4239890549
13.958089155
15.685223778
15.76018925
16.2210989748
17.8871357227
12.9750216973
11.4962480251
14.5000626323
17.7174870484
13.3702121474
15.1524070697
13.6204643964
17.6160792015
14.3839436176
15.07581372
16.2587801529
17.9101297713
15.5860892277
14.8047253348
16.4032123139
15.4682224188
16.5931156145
16.3407723481
15.9493903807
10.2343678565
15.4755787136
13.4492484595
16.1199704495
16.7284947003
13.2594841518
14.9729055889
12.3050908644
16.3437739249
17.5960391433
15.5794315291
16.8214587031
12.5664775892
13.6984953359
14.6879403104
14.9622360668
14.5352419854
13.833241373
17.0733959182
17.2532702722
12.4221453389
11.7361343406
16.4374124398
16.9503368908
13.7350888077
15.0795825482
14.0305052685
14.7742984293
16.1765348358
16.6604434595
15.3517992918
10.1017052725
15.8675175242
16.5749408649
14.6678438684
14.1478975024
14.2965388864
15.3489956599
12.8672801159
16.2146044121
15.4401896261
16.3632409659
16.8789593918
15.2489918534
14.5036118524
14.7961235242
15.1621851253
16.8410600135
14.2161299357
14.5158144831
13.8034288995
12.6873468045
12.529306646
14.5976170972
16.1127638727
13.8589653934
13.9785593418
15.1492611185
14.4687485093
14.0995862328
14.5486326959
15.439382527
11.8039614355
15.3767216772
12.922839627
14.7081108915
17.0620700495
8.9443995458
14.3399224994
15.6893587478
14.8166830141
14.7037648408
16.8182232986
16.0376284883
15.6934107781
14.2574191019
14.0271151506
11.7502300925
12.2160285318
15.1702269765
12.7799550056
14.6036344509
15.771393238
15.5956264408
13.607147798
15.6048974557
15.4347373554
15.5785416359
13.5875907602
14.1076531419
14.4995087006
15.9831591615
13.1886063188
16.0340297591
14.1072629397
16.088197959
13.51555957
14.5829335605
15.463431609
15.9199955043
13.388278332
16.1533446736
14.2346886606
14.0262760255
14.8725573895
15.5611853878
13.8166789639
13.6296048919
13.7721052419
15.6603975342
13.6991241883
15.0483232925
11.68764241
13.9846256945
12.3775634547
15.4992208464
11.2244531135
14.2580988605
15.2523703309
13.3114064482
13.1148477936
12.9995680655
16.5239846058
14.5588349666
12.2265177951
13.4738175672
12.6998283874
14.4685435016
11.6861884153
12.0668969452
14.2625174307
14.5449152974
13.8360380683
13.2809658084
14.596688837
14.622906333
14.2981670701
14.5435161957
12.1213044907
13.9033450094
14.1784660217
13.5194460026
14.4772071527
14.1121688032
16.6768007309
15.7027433109
13.0856099965
15.0388954169
15.5758003221
11.7793557335
14.2024305208
14.7559504275
12.0220247602
12.1524813506
13.6278105047
15.5004199428
13.2503319589
12.3544785405
14.0578485506
8.81953221412
13.4014384504
13.4851977647
8.94722116049
13.5172585293
11.3512233244
12.2125502215
13.0144594323
11.4354172993
12.4371028887
14.9682923115
10.9378931884
13.6300310355
14.8484231409
14.2607867585
14.74293325
11.1945235562
14.8030014795
12.1897174616
11.7336439363
13.3272412139
12.6877759881
14.3490553581
12.865421357
13.5003085549
14.8474088345
10.9440161605
13.007716568
12.5964738358
14.642214198
13.8764898429
10.6007565545
13.2849455659
11.4027223433
14.382356009
13.4288275298
12.2592749668
8.33768845219
14.524955368
15.9063197512
12.9987126496
11.5272765861
12.4990209198
11.7918415052
13.091524553
13.9407351185
13.4713412227
15.2816506672
13.9936530294
13.4057408715
13.1504643282
12.8172064127
12.4559865043
13.9726340037
13.4329374643
10.5910339606
14.1517682482
14.6734184515
11.8000710396
14.7540262596
14.0703476199
16.1410718571
13.9738290381
14.9567517757
12.2633119218
12.0019663811
14.254331755
11.5751086096
9.39269196092
11.2943126277
9.74028375788
12.4635010736
14.007386695
12.4648767487
13.4849050034
10.8553111664
10.0999057835
12.5372387412
10.6381596677
11.7427942636
10.8723119943
14.0452201036
12.322808238
13.0217656748
12.2426588012
12.8375144954
12.9898770636
8.87523421469
10.2536631267
13.1247674011
8.77243544675
14.1139356346
14.0516470644
9.61126303953
12.8486702847
14.1312931191
10.9749092514
11.7137628288
15.7713663699
9.82458870975
8.7775746534
10.796569569
11.8227734097
10.0072717121
9.49997176551
11.1811881951
12.7235935657
12.2371623359
7.66403814204
12.6883023227
14.3354916248
12.877579799
10.6242610212
14.8093586173
10.0542347896
11.6947431633
9.7958934722
13.1069773687
12.7915286326
12.2683105561
13.767201847
9.81885791635
13.5900369362
12.8335908198
13.1131125568
15.0701205706
15.9840664892
9.65917648733
15.0544446946
15.8951615752
11.3058417651
13.5337503154
11.0600729563
11.3098236342
10.6622265353
9.99988621242
13.5150207293
13.0961920945
11.3352996545
14.6480367897
12.4906896782
15.034151662
10.3029814109
11.6269762554
11.9743970642
15.1501437313
13.692642044
11.1463460711
12.7339777977
14.9638064403
13.4980176009
12.1170362312
12.9145412935
11.079202634
12.4646456419
12.3340702407
14.722459041
15.2945685351
11.2863564391
11.7584054234
12.9544084956
11.7880831377
13.511177191
14.7126836636
11.3745916833
9.72544007866
13.4377626542
12.4876949545
13.1814413762
13.7502774818
17.5201949863
12.5884349192
11.6306793626
10.6379686439
8.89610066027
12.7534845765
11.4170252788
11.5880777971
13.4575297699
12.982563396
11.5758070443
13.8945256692
10.8567730518
11.2321451179
12.8676542201
11.8039285195
13.3786182168
14.0031184088
14.5142168864
6.89744820993
10.9558601576
13.0325205499
13.1326805991
9.1803305579
14.3353221283
13.9965699034
12.2073156842
15.4609451409
11.082631516
10.8434311519
12.2277438349
10.8721006084
12.1441881321
13.0003881542
15.268659203
13.7865151206
13.7234945943
11.2023684225
12.1360859327
8.74693395946
14.4171074043
13.5040895855
8.48721107963
12.0580801177
11.8987945673
12.3332606854
13.4302275046
13.6941990921
12.8354969297
13.3943816137
11.9807189698
7.51462323605
14.1071427608
14.9524917119
9.82797174131
12.7260690331
11.9043243596
9.82690695905
11.7707723168
10.8381248052
11.8792741729
11.0400198044
13.1366700467
13.3886864826
12.0552367787
12.6752987555
13.3222399469
10.5254594382
12.13759181
13.6686033215
9.48977233134
13.0486339298
9.20100151157
12.4125543433
10.3885352164
11.7469077382
11.0668912233
11.965942175
11.4638411337
11.8307710112
10.6886234816
12.3236394849
11.5678440401
13.1895709838
13.510517134
11.1955452715
11.2651282952
12.1505737602
11.9254850703
14.7436385501
12.2244717374
12.7418383179
10.9985846087
13.2854045871
13.3635022926
16.2981176136
12.0854522862
11.9052762561
11.9264831369
13.7570173961
12.0917509225
12.590864791
12.4272593713
10.8996634578
12.1101970038
13.6350369768
10.0217264995
10.8516852519
10.6526308629
14.091557089
11.2236219802
9.02786551972
7.424343263
14.1484420679
10.3849163143
9.00235909582
12.017596002
9.27815293106
11.5715800184
12.4759238188
12.3910082604
13.7875332885
11.1358707807
10.2586682328
9.16240986194
11.9110885837
12.0014895951
10.8653366535
14.0081020801
14.8133814517
12.8667413604
11.5415716015
12.4185748329
10.0874430784
7.42845365291
9.42235222844
9.15529761286
12.0016427749
12.0121673659
10.0471369022
13.204168997
12.1259777792
10.7369923008
11.5210775408
10.4548107829
12.1051643175
10.8648000273
12.9032754004
10.6949804437
12.0764905043
5.98679000214
10.6712900238
11.5774042984
9.91778173362
8.89248709936
10.3770206539
12.0230212215
8.46512789092
10.2401589224
11.3062224573
11.9996308206
14.0720248
7.39684451237
11.574297711
14.3685219629
9.92824102936
8.7308269012
10.6860866041
14.4400047702
10.9344099573
10.7782299578
12.2467391083
12.3365578504
9.72578901839
10.0052881032
8.84844271202
10.374925857
9.75498345011
9.02919550292
10.9144226556
12.5955695649
10.9907812751
11.3577039035
11.9585995425
11.780741634
10.8161129999
11.3605671697
8.98662969212
11.8832173684
13.4800165931
9.2308507353
10.9654187275
13.509236599
13.0699872394
12.2891991746
11.3843414788
6.85766707494
13.6885020506
8.96172739423
11.8067019469
12.469127612
12.8333487145
11.6139884406
11.3272123418
13.8175295553
11.1823314475
11.059849741
8.67412338018
10.6462683138
10.7444635011
9.74982655326
9.74533550748
11.1088945901
7.3193008393
13.9574217573
12.6767345144
10.0506208681
10.0243856622
7.5037631164
10.9463931867
9.85020761566
11.7330070196
8.74835500746
12.4626492896
8.78390363684
15.1137353585
8.56868299069
11.1114576441
7.91713818135
13.0931913914
11.2372639362
10.9608517841
11.2737202021
11.1594655192
7.18833167212
10.4996396591
12.7704788872
9.73841839679
11.0834630571
11.099380739
7.47102109072
11.5125008231
12.6118078652
11.3186188187
12.9786786693
12.8936114697
11.9619164275
11.3077514363
9.96616859162
9.89585558254
9.89729157153
10.3611097648
7.55848531979
10.7599396322
13.8217793391
10.6773765663
8.81108533619
11.9997402308
11.4607477937
12.2710641842
13.2707080687
13.2610531497
12.0078245731
11.3788516126
10.2924820262
13.4321086088
12.6428693768
9.50457783252
11.4798404064
15.4772501687
11.1852659542
12.5548902472
12.0670162394
9.52040504704
11.0931032797
12.4432827386
13.0911922614
10.5978325763
12.9067192079
9.13788715736
11.4864604078
12.7232584542
8.4028962568
9.09644685878
10.1030205061
10.8696500713
10.5457015554
8.12091515269
9.98487606514
11.2425426026
11.9792248592
11.5201205768
9.18842763242
11.3573443537
11.3625382589
10.7813979727
10.6473530791
11.7168923424
9.05746949654
12.3006959283
11.7895844763
10.0673971249
11.6495025548
11.6811872949
13.1340078188
9.76181307181
8.3765970315
12.6621026979
10.8943808987
12.3408554085
8.94501870136
11.408008576
12.2891141452
11.8374934423
12.1250572585
9.09328961822
10.8140746903
9.3839205501
10.4715970731
10.1495919583
11.4163141237
11.8858902991
11.9379383568
8.99642527641
10.2349433097
13.1770826547
12.9584030611
9.39564749555
11.7355342964
13.5503101126
9.08848782665
13.3203304398
9.5199067014
11.6754323105
8.55478158753
11.2699868819
10.3607799905
12.7307288362
8.87077285242
11.2196027461
8.36747861964
12.6850209717
11.54651176
8.89549883577
10.0222570772
12.151035812
14.3347558389
11.4347292242
10.9961446644
13.4278380498
12.16673383
8.54299526001
12.1379372176
12.2365632677
6.37882735172
10.8109701608
11.0952057503
12.6516697188
13.3299805515
8.38443051502
7.85094899532
9.83184584593
9.62271038702
8.88986689242
12.8823200748
11.5116687514
12.5996390115
11.3230112588
9.74510487527
11.1504571519
7.20623759266
10.0888963267
11.7198782112
9.59894554185
14.309696706
12.2060331266
7.28109113074
8.99129998694
10.5103110966
11.0587604784
10.9712000724
9.18132372408
10.9359636848
12.5647113909
13.1320602055
8.98767861148
13.8168309776
11.504998426
12.074233936
13.2879930967
7.36713836623
12.1688018146
12.0462584208
7.38328544753
8.71999297755
10.0063947211
9.84272338563
9.25652329637
11.8353673328
8.27525121134
11.5430798442
8.96504553776
13.6635746251
9.65626846139
10.9332334161
11.4002447039
8.85667447509
9.77614677719
10.7909384972
7.86662673229
10.1633136261
11.5984889729
9.64284795325
11.7231343958
11.3198365752
9.23483435412
8.71699122304
10.149002659
11.2747925737
9.37607278359
9.46260772335
8.58732788716
11.6098032641
10.5411975843
9.27786956397
9.24181038191
10.430670673
9.45675676607
9.19429673996
10.5439497241
9.30620262166
10.3699155195
9.1412869515
9.86131850142
10.0013106724
7.67588109909
11.342608155
10.8689338627
9.61809112211
11.6924445627
12.7408157265
11.2482466351
11.3120735693
10.9312034934
10.9361881305
10.8109590783
11.2943820187
9.17622459189
9.05264392217
7.71988161129
9.20263893785
7.90512335535
13.0812783764
10.1508990367
10.2011794438
9.32729299049
11.1604545118
11.9493251404
8.62947135083
8.99805301123
10.0423288145
8.9540996198
9.87504067127
7.50914315998
12.1831323741
10.6223895632
11.4993246985
11.5360777267
12.9533782301
10.6501068363
9.49627981942
9.71269962412
11.0370376366
8.48992542947
8.74249834702
8.18339082861
10.3027284652
8.44947721245
13.0632548728
9.92396558546
11.5431125116
9.95314497482
8.76238338822
13.6022217724
12.0570891904
9.35407835415
9.25484623096
10.8060041135
11.2830690793
12.4074867847
10.3270041915
11.6033424399
10.4278086509
10.4368383268
7.85514665531
8.01563450162
9.28632329068
10.607554593
10.6193039727
11.5132669018
8.90685257121
9.73651085316
13.082802504
11.4658163275
10.6153729313
11.7045424692
10.9870097838
13.2140620144
8.24747864316
7.36598221206
9.43082245042
7.42658518797
8.91880407273
11.894864531
8.85179643538
9.60660440206
9.40015802527
11.8576984738
11.661899085
8.82051184507
10.2696845262
8.17626007454
9.42343451943
10.4962865158
8.83050820166
13.9489238275
12.6405762839
10.0198944057
9.29397426278
11.3032941634
10.8807269321
8.73739002496
8.19905588408
7.58953098363
10.8127596986
10.1799178577
11.6278333387
10.440283823
10.009921546
7.23409986314
9.29648444363
8.52874134497
10.3351359841
8.79736267364
10.4853383406
12.6330472361
10.3806030571
9.34808758877
9.67683376883
10.5524962237
11.1907315529
10.7938347664
10.4130402454
10.3634201013
9.72951449686
9.30674189509
10.6139616908
12.1432072918
8.87157468233
9.38313028048
12.6916728157
10.3433308242
9.99155820663
8.10454301258
12.1247503478
9.74164132616
10.5725925664
12.2215336836
9.83159028959
12.6799365501
8.99627573713
7.76445078544
10.1635910021
10.6607197202
9.00355353987
10.7235525558
9.60018694317
11.8291319261
11.2034119036
8.94069758743
8.62926998725
11.8560281154
8.96607968484
11.4625318357
11.3776960597
9.69714219976
10.8803794204
11.3361789098
7.64415973741
11.1180171079
12.3605228971
8.20900824839
12.9179695154
10.4731452299
8.69501811421
8.58936642496
7.00327199549
10.5003557332
9.62185878791
9.56729250944
7.42780012519
10.4503607876
9.65389299783
8.78029376034
6.21321324903
12.4827610689
10.067772224
11.2263047367
8.59861477598
9.32764292095
7.56989712485
8.55040100217
9.82292685951
8.6274663752
10.1234011121
9.37096816438
8.08518695552
6.70710169639
10.9689125309
11.5452055336
10.4611364557
7.13302239926
10.0896580912
7.95177020962
9.70821140655
7.05524852367
8.24417880974
9.22195596211
10.1329284523
7.80691288917
8.62044668632
9.61284917016
11.1756863199
11.0126498875
8.07310634423
10.8966637419
11.5890668067
7.13264304368
8.23836849284
10.9446127969
9.47887018489
11.6693550942
9.51173355408
9.65935043272
9.59168502471
9.66828153941
7.19636315177
9.17308374587
11.5017831069
10.4630335786
7.78249012601
10.8492600386
9.6968349252
8.53726897613
8.64809663165
11.5150957139
9.19656238373
10.7421206682
8.43378646962
12.8075918899
11.0282067882
9.71166266388
9.13729957936
10.6982082916
7.34834207034
8.8491481751
9.05665192343
7.80484920264
11.096867874
12.4779520465
8.86739825305
7.82717878395
11.8940408845
10.747541875
10.4911333022
9.4416359061
12.4185670668
10.6581505531
10.3201571463
7.48461644248
12.5721640846
11.9543445012
8.68012590033
9.2072986169
10.2835105237
8.69152520625
8.7933667994
10.8353008551
12.7557347251
8.08724227678
10.4820618871
9.39049060892
9.26541705861
7.21467390439
7.42435943471
11.4226790087
9.59130937959
11.249299502
9.12304439144
9.57736930843
10.1386187314
6.96923737928
11.6831583278
8.84303486037
9.99823894135
7.86003828298
11.4128687355
12.1099100741
10.9323786833
10.1666797619
9.75622480531
10.0424183602
9.73379386974
8.35049301418
8.81816076124
9.75741815427
8.56788872126
10.7229357111
8.43408562211
7.0635228698
8.26202131949
8.69640559973
10.9620120529
9.67452289417
8.88949345356
13.1880739232
10.4993000486
8.92996599178
10.1448630623
11.33976324
5.53939922186
8.35900803518
13.8789435533
8.53833330038
10.9720697685
9.49743240723
10.1131622032
10.5014549785
8.12492693438
6.90268502399
10.3301191135
7.71452556453
9.3143805918
9.01723997581
8.45053697361
10.066107554
11.8429659347
7.63850868564
11.2859771498
11.056874415
8.02737320005
9.47987548905
8.85055999581
11.8894042659
9.26250885042
11.2282143672
8.66591729725
11.1808184986
10.6304043998
11.6979689729
7.40691466897
9.19569375515
9.6612148115
9.29811677821
8.24474053804
9.12235669306
8.40546044111
10.8161907261
8.27653217741
9.88273083256
8.65918747142
12.7023944229
12.0395097464
9.66056265688
10.7192765287
8.27521838379
8.29601624658
10.8962890384
10.1404969968
9.47118128823
9.58981126309
7.92391809424
7.10177310901
11.4142498237
8.84779927156
8.99514146326
7.65596306089
8.85843506312
13.1988132741
7.43915255787
9.26560069583
8.31939414038
9.63021847181
10.9186022375
7.01347824825
9.41307719889
11.6702369249
9.86193299756
10.9896104318
9.15940470432
11.4611396451
10.2001205059
10.9332800694
11.587484654
12.6152752389
8.88314641543
10.4624615671
8.55826077106
7.37559767029
11.1717105318
12.1892864138
7.27953851685
9.96542793139
6.98940270454
10.4109405927
10.2269121567
9.69718209316
10.0721204599
10.0303551596
11.3805480725
8.18030018912
10.3214820966
8.18525073118
6.62912545011
10.0365146923
12.3728813133
9.34984620246
10.6567710948
12.1187962029
10.4730732963
10.193266301
9.13492521858
10.5148442286
12.6309043081
8.43476208957
7.91943383364
7.87750631286
9.56008175739
10.1031943469
9.79050833371
12.1329719466
11.5527944307
10.6156570369
11.7332065902
7.50143994182
7.91366030972
10.0394122926
10.5148679512
7.11389385469
9.33313275977
8.11093994895
9.97185795178
7.4420005351
10.246477814
11.2432650565
8.81205977246
12.3563895328
9.57025430014
10.1029106952
7.19127512098
12.932506197
7.64372296139
10.8475410663
12.1695973943
7.34760682434
8.02162555228
9.31276043381
9.60052314405
7.20102226521
15.2697002918
9.83421947783
9.40002796076
9.07503168484
9.97252005535
11.4234990587
9.96114574653
6.74307951173
11.5422042701
10.7111607544
7.88912556033
10.7932114776
7.21430418457
6.18542753511
12.0682601967
9.43654540407
9.7160981013
8.26714055027
8.67804083523
9.22536843041
8.65872660274
11.0656950317
9.81318010903
9.95718574003
8.8048569399
6.7380265225
8.81495792059
10.7212184838
7.91288711262
9.3573579275
8.20572196775
7.60013439684
9.36946923823
9.00202283635
8.69451243524
9.60886099449
6.99093432246
7.33440537396
7.66072124465
9.20289818339
8.59215102039
9.21901165414
9.16944343651
9.17359118647
12.5424340383
8.79733512121
6.92260751147
8.96983631348
9.2463537237
8.36806652978
8.83986256966
10.3682289245
12.4642419531
8.77752055342
12.3919206687
8.82700352211
10.5641391948
9.96009511504
8.82551763974
7.26848219516
8.29707612859
8.04432164345
9.7162535675
11.91026514
7.68799695136
10.6907263899
8.09457835467
10.0751815076
7.08621365857
8.55504900503
10.41512401
9.23012146713
8.03071858302
10.6249366392
10.6255584938
6.12684362619
8.10112631167
7.29806477498
8.03758488389
7.67175530928
10.2445981548
10.068888285
9.94224939121
7.83537607476
12.3132057078
11.3673932532
7.70277603826
8.6545121148
10.293431371
8.63836300262
9.63229202941
9.00495499599
9.47148076486
9.008341573
9.66935121637
11.3949103871
13.0962785911
7.31032595563
6.36100039347
9.65703395281
10.7610818812
9.16465217455
9.85938572331
11.9099953588
13.0355393018
10.4691701494
7.72981685068
10.5021964808
6.05047131582
9.56782034318
7.5462423619
8.17465720419
10.3967313113
9.08682019084
10.2544214484
10.4652410137
10.5438706265
11.6792204248
6.93870151245
7.68430989589
9.29320131297
7.13229380296
9.28436595917
9.06747804576
8.30361992851
7.56082045299
9.45518887577
10.0003958437
9.60168686914
9.65760346563
7.08406209563
7.23010722116
8.33208111211
8.73477161153
10.1072548984
7.5330353033
7.27540070229
8.88466601859
9.23464674059
10.0807430707
9.64867014738
5.38041789181
13.1192976135
7.88482762234
8.33221887693
12.2551360044
10.5096135923
5.67447416973
8.44727373723
11.350660563
9.7170745586
11.6189572341
7.6513857235
14.0788811461
9.67495131658
9.31128661544
8.25372453118
8.91038575338
11.8883054429
9.90729682934
9.24396605321
8.49776311243
8.47674907014
9.45608656306
7.68801128842
9.36936795528
4.9961798741
8.94204667829
11.6862590902
12.8130327274
7.0265760576
11.2122766929
8.08287411358
9.0118460281
6.05720254835
12.4081783068
8.47987910111
9.10375228935
7.29879488332
10.4761126639
8.71113862632
9.57661507322
9.06217493919
9.69410020887
6.63048403461
9.27003981966
7.46341151337
7.86469656681
9.23807128292
6.97325265001
10.0557428978
10.1782293706
6.581388129
7.58374854739
7.8746038649
9.03607264294
11.0872020373
7.74846143282
8.1886769632
10.5954748349
8.49405694859
9.8629943952
8.4391755736
10.1754549004
9.70364759964
8.54748438692
7.50294733471
7.908099708
10.155412196
10.452446515
10.7511342785
7.6812341742
11.7472137063
8.33789999756
11.1353910211
6.08328012011
9.86489678751
7.49080464756
10.4067519164
9.23675145565
9.34461292182
10.8937177328
8.92724878243
9.95731828534
9.75621625693
9.47223785257
12.3765614561
7.93360148508
10.4443470029
7.79851317239
8.56553266787
8.68113941351
8.47575568721
9.6809869969
9.04847616453
10.3551633329
8.16958601933
9.83919439484
8.96226862048
10.7127714008
8.93190974423
6.74718801762
7.67728579443
7.87459616843
11.5549994299
8.22793858116
9.27767716277
10.1477699973
8.44101306517
7.56276170786
8.10924137286
5.97501961861
8.85271064714
9.77864163274
9.36312075021
9.26503630956
9.10935918284
6.6558703304
8.01141666387
8.34827254002
10.0302386677
10.1728812337
9.36817070691
9.97164697072
7.54178259033
10.5484799662
10.4560139987
8.56068744416
9.81988814975
13.4016333894
8.33930798337
9.64676605977
7.0163737735
10.2864729427
8.73056659
10.8675113515
6.75761398046
7.64837896502
13.0217175024
11.0619158044
9.91752246951
10.6858719111
8.65738551798
11.8405372996
8.47020161845
10.3172024229
8.92634866644
11.2846835739
8.12298236126
9.69287542251
9.91293296914
5.91874378842
9.75656902626
10.5119161755
6.98100825295
9.05470628586
7.19681568222
10.9605194415
10.0372104141
8.86694551102
7.796440441
7.7909132447
10.2085851203
8.87661609339
8.34065664908
8.80043117989
7.29479332981
8.64717913947
9.30314114765
6.43102466674
7.35582216161
7.55830235988
9.78105414297
8.41179020527
8.25510772027
8.8594175145
8.17212050476
6.02654625475
7.74404948613
9.03337294038
8.00219219722
5.89681776364
7.44185157423
8.4056859893
10.4469097771
10.1034350314
10.6394637943
7.88862438382
9.65190386043
9.12853297851
11.1560894386
7.94370845081
11.9953077465
8.69125555101
8.79976364918
8.40436234154
8.54627111202
11.0350638174
9.57855455044
5.96675209409
12.0662953686
6.89718060235
10.6807902842
10.4088643086
9.02479280119
8.09880182189
10.2453534381
10.7574403038
9.79704206548
9.96832410627
7.21093441173
7.75054201153
7.83526275277
8.12079002874
8.27510082248
7.30020600642
9.66165702098
7.70094789243
9.24962673361
8.20680660511
9.17206727277
8.16397111765
8.53527518487
10.2464254735
9.81449387202
10.9903483445
7.64297372239
7.35220873959
9.82980100162
7.9504016072
9.05286822856
12.7891751484
9.10395743724
8.21661523419
4.63831781926
6.25418777404
8.66518044919
7.31558880701
7.97786171618
9.2180973092
5.76307307058
6.56313447903
6.85622646576
8.48586438313
9.39946669966
10.9160750199
7.73645226393
5.83378183211
8.74544505181
6.23713597376
6.9617063987
6.05127063528
7.67903710805
7.72310089292
10.7959294935
10.5684207018
9.00583403188
8.52983300187
9.19276959715
6.82701049734
8.95511262212
10.6894858712
9.39356935512
9.68679616681
8.90567037614
8.39600661555
10.3824194114
7.70347924973
9.79100975034
10.2005024412
10.9795648805
7.30703560034
7.32790418864
11.528191169
8.82374346575
7.27217427706
8.57616815862
9.79339233218
9.40143357476
9.87000840861
9.4993592296
6.53847454215
9.54601427772
9.02904695925
10.9026534243
8.04653160918
10.1941589795
8.16863235022
10.3748065919
9.4352599807
10.5648574422
9.59698267819
7.68496946169
9.4428921433
8.50158138156
9.24624598913
8.66072561397
8.91801205387
7.86139093793
9.89817594905
8.93075044785
8.09298414923
6.43583402194
8.82646516205
12.393349846
7.95358295576
8.45821981674
12.1749379808
7.90198933062
8.99961049488
5.94246720661
6.46542609269
8.12910045696
8.00053831551
7.52604859465
10.0652852548
8.04429705387
8.87393166755
8.95805182423
8.04982563223
9.41588760193
6.67790576523
7.99840667962
8.29314495366
7.52728107427
8.08994265277
10.6392883297
10.3299283641
7.77879249152
9.10178146925
10.7618998151
10.9407556442
6.35874264693
8.70687796774
7.95611377444
8.36317770919
8.58015863758
9.79781571383
6.78651833776
8.91979533761
7.47665339502
8.03876718784
8.88468709361
8.43667125257
10.3962251955
10.3961025923
8.58728205494
8.62553195036
7.43700223884
9.92159393685
8.5838104634
9.398340314
8.28339057954
9.19000522214
9.2302916859
9.99135552958
6.86898157644
5.9037571809
9.11368034782
6.17792081888
11.6888621109
7.48465304275
6.35189764765
8.34653196207
8.40439136877
7.45134138475
10.4587328508
7.60553491551
6.56538645005
8.28308788457
10.2964706716
6.73037712233
8.22617109802
6.97125402844
9.31684135814
8.13658092706
10.3417041241
8.67496001474
8.86815182798
7.84182119357
8.82746449937
10.629871418
8.51096902557
8.7515791752
8.76543915926
9.38129476536
8.23642153546
7.67942247585
9.37303213038
10.2858940976
12.1699399475
5.49145026801
8.02716082983
10.7632958608
4.98879960187
7.78405081718
8.62929357312
7.40266699838
7.90608787845
9.0059407729
8.42143665751
10.7428363818
7.51239233225
9.08286630432
8.53583732981
7.00544038552
7.00140631317
7.64235269469
9.48613863066
10.293828789
12.5908623101
8.43141450175
9.99985583963
7.37189387357
7.87358917146
6.08509597007
6.09784151497
7.40412578014
9.2500723911
8.85772080387
10.4302207695
9.65381779746
8.02943436436
6.74177827586
7.05796830408
7.8673155216
9.19898628271
10.1100760599
10.3480780577
8.62269939091
8.53776702679
9.29407138486
8.517681253
9.942718968
10.0248849559
10.9439697189
9.01075727309
7.41231417461
7.98462055723
9.12284160059
6.89277439725
8.92042810938
8.1724071205
8.41101669416
10.3594671235
7.90417475251
8.7904457598
8.42316002116
8.09430744916
5.75058295685
9.32230262089
9.20043898088
8.65947712803
7.81372166664
9.56058575765
6.85109341208
9.18644281715
7.78722719252
8.56024110131
5.87834789432
8.64291881525
4.73708096961
13.3505391433
6.80390930201
6.67180518021
8.37238419261
7.45663482657
8.42109492543
8.13722070612
8.26412493182
9.96842965654
9.27232407046
9.0451852283
6.45682111757
8.13790436008
10.2488342235
8.65528663082
9.26385883467
7.09469092513
7.85565795314
11.0818620237
7.78962453485
5.30030936054
9.21820419724
9.53353336756
9.28786959664
10.5070874565
7.76507563214
7.40179020371
7.08579490659
7.95898864545
8.78216655366
8.81646985357
8.27292873761
8.52959802841
7.85801843848
8.75526263453
8.7928648655
6.19373706219
6.53375408923
7.30349891365
9.29267885699
7.17249057245
8.46070095973
8.44471928096
10.5173856409
8.97865483961
9.02643753164
8.47152749489
8.90753695203
8.54569811399
8.82969048562
10.2041971903
8.51035116467
8.45945420644
9.93596151349
8.29756736536
8.3407917371
9.962117621
8.70680836932
11.4366054641
6.84858826767
8.10715212307
8.81080236091
8.98057480662
7.89123984814
5.829141555
8.98683125855
8.27693264536
8.92015676094
8.33884652078
11.8327354594
7.05560176333
9.46360849821
7.46771670337
7.53544902718
9.99327610079
9.30274898322
9.2134735162
10.3241827096
7.30950596879
6.06380115773
8.2649763869
8.24269438894
9.05631174951
7.82919991109
7.94143554222
9.80602076312
8.81411934664
8.85336460822
9.3573031123
9.94555089715
9.45183282062
8.74648682834
9.12058162276
10.7115284106
5.23277647559
8.38876049734
6.92334041202
7.38953494223
8.67195053911
10.8034647599
9.96243232133
7.0786675902
9.69808494255
9.12697323062
8.14358866351
8.93533041967
8.72141754619
7.94245632167
9.05005916778
10.7300464046
7.87510648636
8.95134972397
8.2393300417
10.5473036359
8.17603261521
10.4236460447
8.13292657869
9.63207492669
9.90464056223
7.80529023613
8.33775809767
8.22483227007
9.46990297052
9.23059203345
8.72209148818
5.72342658585
8.73464202389
7.56821320022
8.92965411813
9.42780626667
6.1882970007
9.68869657655
5.1611179214
10.1549327466
6.37582502948
8.04700412506
8.36545270524
8.76110052362
8.12361790546
9.44297936675
8.41312080427
9.40957603592
9.48804390768
10.1355808465
8.48320035777
8.10999465871
9.20287017907
7.823590521
8.95563502925
8.81868588252
8.29437924645
14.9762264312
10.4514438991
7.52791074017
7.65609238602
7.47005373466
7.51844830917
8.21834036422
9.27599643215
10.727251643
9.72908223427
6.87433162237
6.52772126375
5.89616854892
9.22205493939
7.2633953544
9.07210800954
7.14764506124
7.85924756383
6.92802528283
13.0953240387
8.46387985343
8.30863915122
7.39287343326
6.40878782642
8.82495713726
10.1468049675
8.99405597393
5.45454233188
8.89478595394
8.03359940711
8.53238538015
8.7283008648
11.8983071208
8.48655903842
9.06473030842
9.11335647927
9.71139222423
7.86823577568
8.49415964558
7.42509677478
8.79240945076
6.263710262
9.19588035663
8.07406420006
6.9787197954
8.88867584965
7.6935144677
9.16229403537
7.74715904727
5.43432030192
9.40532871604
7.58348004399
9.85837954318
9.90063172916
7.34235946751
8.42426243894
11.3750115284
8.49775135141
8.58179889091
9.10776216676
7.80765806951
8.20087343577
8.56296544736
9.25449365794
6.10340255973
12.2337158978
7.88631422001
7.8331817214
10.6839939745
6.90208989561
9.01603165163
6.22971756536
7.40185057807
9.14092050224
10.5414456129
6.44359517319
8.30382855326
9.80210925111
8.28780886761
7.34789295558
7.33338132876
7.04306047407
7.16364683409
8.00252995794
11.1823361403
8.854852749
6.65406056868
11.5652833353
8.42514781764
7.83266240511
8.58166889935
8.1540685246
8.36336474908
10.2356131763
7.26021163429
9.84412519401
8.50668037818
10.2531096668
10.4908010031
7.71417325548
7.77958919151
9.15567839389
8.61549297929
9.51701377971
6.36587736525
10.6705982766
7.73357689957
7.46127409281
7.69137301303
10.3653559961
7.84062987619
8.16568872045
7.4851391975
5.41726780989
9.46808879309
8.98220053047
8.43156308461
7.43713591612
8.87089379461
9.84933717557
9.69667526674
11.2108986309
7.31698135178
11.8646218203
6.10162539254
9.4827767724
11.3021580457
8.34673421442
9.83585989054
9.19114920362
7.31424849219
8.31392495468
9.23279934011
10.5973340004
7.23735939359
6.43453022221
7.12226821785
9.81678031937
9.88348298844
7.57231187518
9.25250186943
5.62492113656
9.18003830569
7.13425525097
8.37053003983
11.185588107
6.90355100519
8.99339187445
10.3008213381
7.67599933924
8.58447097076
8.8795362642
9.61801233568
8.98464501503
8.60576226495
9.19424580198
7.43450119604
9.28403167549
8.61788556287
8.87919298646
12.5896692415
8.41394579777
7.49586602943
5.5390992931
10.293659075
6.75794639149
8.72475059263
8.45613718513
6.66712099424
8.71788458427
8.37039826451
7.13248641756
9.03797644248
8.51151360566
7.03584897359
8.69571980786
7.6650762725
8.60271857371
8.36254033706
8.42036576013
7.71787321534
9.30734553116
10.8503593494
6.26187446104
9.27906910488
8.55318680326
8.01292924912
5.96061142743
10.0697514131
6.10928237368
8.29799109756
8.26341742668
9.90993622628
8.68974536642
10.683013786
9.72312305433
7.73790498186
10.7917367246
6.0249172529
8.91520742991
7.98040405177
7.81698573009
5.20840401816
7.63327248679
8.43183131803
8.9140111174
12.1304253437
7.67086142471
5.99635527718
7.84364735127
8.16706010906
8.01065698674
7.73840291634
7.68037326347
9.70502885934
6.93809143217
8.32114119382
8.24681923699
9.32339096931
7.56184011396
7.6528869695
9.10224195994
8.41167258146
8.56159579295
7.04222019019
5.80562616687
8.20624535002
8.47426674572
7.80382960418
8.37395046629
11.1767830147
10.0274774304
8.24764734597
9.25042674565
10.6248606928
11.043274804
9.27461248048
6.46310829538
9.02780084728
9.16036516804
9.3758004557
9.3452156171
7.6586241012
8.93888372692
11.277261015
6.80858033775
7.90242110728
6.54087542264
12.4769015578
7.29687114293
8.60797345774
7.51570672532
8.39664646171
6.17576301977
9.88176235857
6.47928889217
10.0946019068
8.56627007844
7.57116443825
9.81900378614
8.22317117818
8.0747702475
8.80555398441
9.02139068311
11.2987989713
6.17860645443
9.29854797799
9.33128310117
7.49457526017
9.29723248591
8.0185016956
8.45843307872
8.41673307637
9.89293344833
7.41285041077
8.45953328157
11.526489534
9.01844326609
8.02684176718
8.48306361497
7.48006845839
8.40070280057
8.29277527519
9.35231516848
5.4313887837
7.80136353882
7.72305886125
8.25175899345
7.72973758035
7.69073308515
9.2065727197
8.05880930228
7.56014395971
6.86127971579
8.58608074431
6.77084683824
8.46709394633
8.36258255307
10.1651797816
10.4087804561
8.60553115106
7.51533608882
8.56090122328
6.05848891689
7.89010693857
8.03317606295
7.42254016037
8.61177335958
6.4688145888
8.18323723983
8.48480991965
8.40004560027
6.01304701884
7.90655025004
5.68090290799
7.96961536254
7.55604259618
12.210208255
8.18335305286
7.6321581841
6.88097114242
9.53541008673
7.45953059165
7.00590371561
7.39596636983
7.48253358663
8.20220382373
7.93843555008
8.55861835033
7.59599385707
7.38020727047
13.7654064891
9.12265520647
7.02536058851
7.07630394644
7.23969734221
7.51734652877
7.46115915396
8.91944265957
6.87437615589
7.14969289814
9.69816897342
7.14309238059
8.8972106115
8.0663618607
9.50669268693
7.23865408095
5.97657594433
7.21200261881
8.82639921584
8.17500628828
8.32778751195
7.46047134576
8.56043433428
6.95754615674
8.5111993308
9.05391096522
7.94762712694
9.06772598103
7.4811823881
8.10862795427
10.7220680407
8.46793665474
7.53185567707
5.15906857908
10.3810714816
6.93519004536
10.4250536347
9.45913125533
7.10299550385
7.71796028223
9.54354213078
10.0628028515
8.16547400344
9.95914705633
9.47044753061
8.73569561132
6.86235733352
8.80719635889
7.36019039156
9.37022847676
8.58302678748
10.3650361208
7.87324290606
8.19150743197
7.31689955196
5.54932288926
9.08182262355
5.45603547399
7.57138936995
8.42739884291
9.33578483251
4.80233180792
10.7411005778
9.05523593033
8.26390560256
8.38549899218
10.5819917365
7.95072374955
7.44082887761
7.60249716374
7.62633307637
7.85064333705
10.7980225321
8.72611254501
8.19554263339
8.30070661166
8.12893242831
8.00427397575
7.04460521968
8.33976641269
7.92840954253
8.55126813405
8.60521631657
7.65793120418
9.64216111048
7.76941357032
7.4948867201
8.99179100325
7.77360766536
9.16013223222
9.05534789195
7.94407230334
8.81176696167
12.2210712997
7.6076733043
9.9082460311
11.1578045787
6.96069147041
9.95958517988
7.23497510663
10.0615572978
5.48767136891
7.80031911165
8.63288704904
6.84511873838
8.23529993604
8.44845886079
6.63232376948
11.4200901704
9.67692753888
8.30169422649
6.80511220211
7.26589971681
5.80389551674
7.62542181785
9.14692644382
7.25530116872
7.50511514011
8.43076245632
8.42163188011
5.70559227286
8.79901336968
5.28273667139
6.98486720646
7.1383426637
7.13593132428
8.48090965098
8.2153427233
8.69538339366
6.60297211396
10.9047328911
9.93630073547
8.02872898162
6.7498778522
8.95660322659
7.4409932109
5.68522653131
8.53416981335
6.16623910887
6.37263975088
8.70680206408
7.91048857401
7.84006487466
7.59889947422
8.17491574384
6.25953189871
7.7882769403
9.10121066649
6.9269670155
6.8052056948
7.18332806592
8.29020686194
6.81271623783
7.76400519347
8.87352919266
7.58984555504
8.82827456749
9.31189492499
7.23789827285
7.76626599624
8.38503733294
9.61410716161
6.78943097258
7.69714862656
6.59647813533
7.7983638997
6.65873267078
7.57812158565
6.05412626463
7.58251994012
8.08071585901
7.27407125774
8.98655879082
10.8014225125
7.05504994521
7.38103072049
7.00901904927
10.0036226195
7.2676972893
9.26692904254
7.18184902808
9.41465470421
7.62668149042
5.56033090729
8.97360927329
6.21577398424
7.79031926116
5.59840648126
6.29719484881
6.80178385798
8.32736528324
7.91562009821
7.37239042924
8.78681506137
9.69460261604
6.97285642429
7.92411517851
8.56825632766
8.8607878795
10.2697770436
8.33139735576
8.52521141477
9.17142394192
10.8773151753
8.36026523142
7.31501090809
7.49669931488
8.20370792773
9.45061704161
8.72818009431
6.93470965797
7.8726993039
8.55178306166
10.5022048539
9.83527174708
8.5160363962
7.77639535281
14.7091024859
8.87937552102
7.49200725129
9.7352793963
7.54947673722
8.52836581904
7.94614482321
8.05996815484
8.80192536828
7.06010149841
6.12270457575
7.88825772572
5.67510230874
12.0679510078
7.57875377384
7.25241968026
8.51476081853
6.38492495505
7.32259914836
7.71391705225
8.40266870866
6.9011960921
8.04446724356
8.02913822758
6.64195112712
7.20461435061
6.83828124338
6.96941955068
7.00255236376
8.20313527844
8.48571812645
9.26523651011
7.89178956228
7.63454614216
6.26166179378
7.57809756535
10.0255723406
7.51036289397
9.28494258115
8.1183209408
7.00642354698
6.12743187134
9.12010109977
7.85873262229
7.76324015211
10.6008763655
7.15411014648
8.22006088723
8.11556131856
8.17413327929
6.36753971138
6.5801115838
10.6831396226
7.86019365431
8.88827516342
7.73871871427
8.88257338867
6.40779537855
7.71499582021
7.21859543845
8.13266204095
7.45402951895
7.76409466935
6.62298343216
7.67859488986
7.89892453701
7.23643602375
12.4541450795
7.4592060667
10.3366386073
8.48757558313
8.46095281889
8.48340483876
7.44465882735
7.71443984121
8.62567854658
8.08504542864
7.49442287844
7.81513132428
8.40547644731
8.23371214835
10.1501419303
8.54816021323
7.42533679519
8.62405295778
6.80589238782
8.53548537396
7.47173754235
7.99587080386
10.0896649433
8.16766370023
7.20040923529
9.60235070359
9.5815407178
7.19638492425
7.33251392746
8.57619046163
7.70037154217
7.54453025534
7.8482616167
10.6658028509
9.04760280089
9.24857148474
7.02657839072
8.2824805918
8.4419285575
7.9207934144
7.0187054541
7.74771556858
10.5632308478
9.12423321752
7.47680168196
6.42223646163
7.40080778947
7.58999843127
8.60386320555
8.42099076019
9.77712144991
8.06461116014
8.55664846991
7.96610546522
10.8822511111
8.60243078218
5.16134807112
8.25332584994
8.66337235367
9.33366720757
6.43041882815
6.94075661875
8.11737864338
6.95511642179
8.41161833485
6.95935613799
7.43574997461
8.59331180382
9.35298889476
10.4207690876
8.90617779465
8.01040582666
10.4705505925
8.16455797867
6.76933029065
6.92086265848
8.05142622292
7.20845228936
8.48090948792
7.04852475589
6.91768390493
8.52649179351
7.62815141854
8.31233156264
7.64795535602
11.6705027041
8.2189428702
7.12080117201
7.44860179395
7.68189452955
7.13803705801
9.61130318601
7.37279335003
8.39212467961
8.69783184821
10.0993611438
7.58235750901
8.3658799984
7.23029469199
9.7347152571
8.17359556674
5.60676082087
11.3156080088
7.09942964962
8.76428268756
9.84677236705
6.7967123858
7.64439180575
7.99326338548
7.61126554736
8.36014570035
6.08329563577
7.72457968558
6.32764717746
8.1856866842
8.51203414009
7.09366100333
7.53302524975
8.63360511089
6.17665332819
8.33924283806
5.28262905245
6.91114314325
9.3524560327
7.12182426463
8.98943443364
7.33714143824
6.54534330203
7.53707597864
7.65024278586
8.27258730518
8.38173408711
6.89610822103
7.24404198213
6.13482152427
9.28649689715
10.1443007508
8.30580246283
7.90975593035
6.85910469871
6.53193464606
7.08758024011
11.3319985473
6.40694252888
8.83212577076
8.83190317043
8.57880151236
7.70335356902
11.7055909325
8.51337423688
9.45584474108
11.0262133361
6.68862970513
9.74404451736
9.73041532664
7.89077708939
7.78448193377
8.59915356486
10.0199344191
9.76217150469
8.15789960467
7.53223375868
6.20627506465
12.1906642343
9.71805051291
10.1327465017
6.46406026575
7.01382521028
9.01018567921
8.25882177407
6.96692100625
6.91689091882
7.46458860971
8.24737159259
5.90288307028
8.00898235202
8.9617753556
6.79767874853
8.35099376945
7.57343820401
7.0243071242
8.95384451462
6.66684808857
7.91120246424
9.30497748738
7.18038818278
9.33324877449
6.80797084082
10.2134097567
8.43291332961
7.41369905814
7.70389488539
7.20041623104
8.2119650259
7.86804238358
9.07739919598
7.50802297887
9.73966948982
7.09850967207
8.87657908772
7.36292628347
7.60820572795
7.11507404029
8.54688074526
6.16795709844
5.36668928798
7.15116370658
5.24465181143
6.19896305448
7.93777215877
8.9950586139
7.92714403489
6.53163072431
6.96526597295
7.02415204936
7.2851973966
10.2379886175
7.52328690863
7.57924556609
7.62431281947
11.2355913003
9.65895708737
8.01761624045
9.5341822072
7.75846433089
6.33400370977
7.41918927131
8.78883965572
8.22042384942
7.82297454695
8.06022989243
7.3768671233
6.64289612015
9.07869632912
6.95091158027
7.22285333103
7.38614489451
5.65584127715
8.19821341128
7.9973854718
8.91228329998
9.43876082616
6.73241969831
8.04415997092
7.68899097003
6.68070256876
8.75289692342
8.41031796942
8.55371109506
7.89923675654
7.87775591292
7.5367303854
9.39348129474
6.78582004326
7.49736383969
8.05457536558
8.36306386903
8.54684452161
7.60437011347
10.3337055339
7.46170638112
8.02203421189
9.14665113499
7.17277060155
7.97816223051
8.32024017847
8.11347644892
7.45038388168
10.3587796607
8.29943213009
8.03366251633
8.12671444507
9.07753955657
7.07601866262
6.44463970118
8.08912519791
8.55544372414
8.78888248373
8.49896617711
6.93238282434
7.5765620189
8.90653088007
8.95679108341
7.12645293133
6.82959624076
8.26423643745
7.5516616195
7.73613809823
10.5804026821
7.63540984358
7.81092109844
8.6923190388
7.33497370262
6.77743607183
10.0037599298
7.30227636226
8.9747818115
8.4474110276
6.33009295534
7.12859217792
8.99032305762
8.96157935337
6.53454224232
7.9225008516
6.28403908945
7.01213409694
7.00789524575
10.1795692207
7.28088633751
8.02413564939
7.25893355611
7.89449783729
6.44025849048
5.17540179969
9.96047687944
7.59474519617
8.89954978832
8.32553000419
8.86647603932
9.6010286497
7.30598148239
7.89363006865
10.574510176
9.76508619929
4.38745382648
8.69390162595
7.75206140255
5.014513841
7.09460556861
6.28769505893
8.19887233871
8.08782996422
6.93462444614
6.30642205469
8.30286835462
7.51392751842
5.35136542366
7.22508129416
8.34708339814
7.85697541929
7.52712054258
10.1503838704
8.48822221649
6.39562642023
6.88310492075
7.49128692985
6.87638765168
7.71495867903
7.53717823505
7.8676510037
7.45681963664
6.44288641578
7.23887510134
7.47760748422
6.47807821352
6.52797956336
7.30054159136
8.17949045135
8.98830431448
6.54574871165
9.9294078533
11.6592285458
9.94811659367
7.26114869469
7.83821113586
7.16923452429
7.85619219789
8.51056794555
7.18523284027
8.80865786748
7.58865838219
8.17078220332
7.82624501494
9.4777695508
6.83384218858
8.26018676209
6.61849137226
9.15416768837
8.06598863798
5.11374364099
7.7339278408
7.99860742686
7.11204768386
7.91067929852
7.72422893443
9.21320720281
6.71507422444
10.3485881224
8.25679432848
8.72006408421
7.0913983034
7.66812866906
7.17605658122
8.03712270595
9.6579692863
7.52197119477
8.52758076024
8.05905412996
7.14188477916
8.56172829307
5.73290404166
7.46482273719
9.07656532688
5.06180313968
10.5153991205
7.56260111705
7.10919538221
9.60251758732
5.34753049973
11.9375250374
8.3159470628
7.80336895295
6.45617969607
7.86228802685
10.8177560043
7.24657359352
7.21910613977
7.64520762021
7.30642779891
8.15649689306
8.47951784476
7.25103856694
5.8526333151
9.59956665333
7.18804945536
6.95767530855
7.85986508089
7.32151151852
8.14364688178
7.59805690938
9.47862374952
8.30325220904
9.19752030849
7.89422590495
7.26693576605
8.62326413094
12.9972599725
7.85922054498
6.29348698357
6.87043202384
5.73701520616
8.45675463378
8.41445878053
8.04554963247
7.42944851536
7.70944154998
7.01708289715
9.73038790023
10.4778954762
10.6719471243
7.78442690355
7.94043022982
10.8644937527
8.36482434489
8.48598674727
7.3248760053
9.34309075703
8.88731534621
8.15040110183
5.84470528463
7.31755290315
6.53499907405
8.49694091774
6.86728472066
7.09502407484
10.5700341368
9.44694539446
8.30882513544
9.46013960935
7.807453157
9.49899374356
6.9875149132
6.13414373012
7.25933988008
10.0791950216
6.79533226332
8.66322896133
6.88512745918
10.9029684718
9.61418867517
6.58272247636
7.48372698506
9.40229693305
7.01211870893
7.64271714086
7.50555975207
7.85636574108
7.0759692242
7.76672454953
9.978010986
7.5179789286
8.47098071264
7.29674096784
8.66481849651
7.29803457805
6.96695280159
7.72004058523
7.66009445668
9.23554928192
10.7912294045
8.275012046
7.80136100465
7.29189730456
8.35589248767
7.97548236481
5.86010588394
7.69268790153
7.3839572215
6.94952074351
7.66970982286
5.31046116347
8.12069816259
9.93092252776
7.69358846939
7.14076218367
7.28905010336
6.9676398101
8.46249943349
7.089896403
7.0725285079
8.77845982262
6.24933283652
9.26697378099
8.36343240147
7.98960771564
6.20868105573
6.85891010895
7.66761657455
4.67967153023
8.41589671758
8.85426595519
8.08180305944
7.92638940992
7.77378294322
6.24651743939
6.5338951777
5.53166107058
7.11415056312
6.90901948887
10.9540715655
9.31197286433
8.04032807346
7.63982413835
7.83556303794
8.11042072176
7.94574246462
6.90595264956
7.25904251183
7.1218461543
7.90704390337
8.48076378579
8.07343255221
7.3676689263
7.97765723692
7.23102110774
6.21134800799
7.73175291319
6.84015137116
7.80378541997
9.55771327738
8.87706664394
8.80862349418
7.8971379173
6.86588431145
6.71433346494
7.18046021562
7.36698842312
7.78867973155
7.39189567423
8.00648946408
7.42615024872
7.30356926647
6.7039249542
6.93734669495
7.38816219409
9.48814384858
8.09958534571
6.78896345652
7.97046264847
6.60831334379
6.57024258069
6.64730298844
8.43468397545
8.59895942111
8.19377168409
8.60658980209
6.48514291745
7.58334227165
8.39686945692
8.08572661488
7.48693833829
7.02016562614
7.14273396289
7.4849258334
5.86062062127
6.87010276436
8.68583740866
7.14315480218
7.3075795133
8.76821376218
7.83458560064
7.92604100665
8.52810840103
7.49842098818
6.31244090996
5.51963651337
8.08128331648
6.30926076261
6.3979569871
9.37896480883
9.34013959989
7.22618641507
12.2400457541
10.0529428879
7.06673095402
5.85333007441
9.30900726332
7.87499501721
7.15408573665
7.72183041068
7.49621266902
6.02960542521
7.73637701828
7.38274643268
7.76219017614
7.66966030392
7.21880986424
7.83031211169
6.60371418124
10.9786982845
6.90442623303
7.6967124942
6.61344709145
6.45981520833
6.46313393019
6.8191239929
6.04217707908
5.69656999994
5.75015784209
5.28762979506
5.87638174944
6.94735947251
6.5091434445
5.31374651351
5.67867681674
7.90402369495
6.66056886453
8.2820358103
5.81187857085
5.77987755342
8.11272007034
6.5985058472
7.16932321362
7.54091603409
8.4599037733
7.56096147294
6.61289944115
6.3450535698
8.29411471853
8.5369186491
9.55802396867
6.0736278712
8.27582314977
5.84501021292
6.35060937759
5.07852292409
9.75281477376
10.2360357586
8.5650086809
7.02167814188
8.16290718183
7.28564731121
7.31527843871
7.98657851925
5.12839662619
7.46977340485
7.43627992052
5.59634668333
6.4328206052
8.68773702529
7.86459349124
10.6324984941
8.11289877248
7.06737960109
7.91500335323
8.31652780321
7.4623142336
5.7924869615
5.59355685532
5.71062591097
8.08002753045
8.77922095496
7.73933345575
7.90240029528
7.79446799478
10.3894478299
6.43628220581
7.72622125238
7.39492478745
7.20674581254
8.1928097557
6.6554260264
7.1014366117
8.48235497223
9.81577243657
7.42708480668
5.93828257186
7.8555057426
8.27821174081
7.22745802333
5.9555682993
8.11409589139
8.52215774497
8.26423568246
7.46205280545
10.6826378575
5.74717832548
6.69642387987
7.89399401625
7.90527868924
6.51935548364
7.71089958957
6.88192558836
6.85651900051
6.28079967979
11.4475646347
7.85619423967
7.884524266
10.1262617962
6.81581476098
7.84582045736
10.5154969346
7.13043732469
8.12768652952
10.0153659677
7.54351818861
7.21888830548
6.78361557713
7.28681796756
6.29654075038
5.75177187235
7.60495033995
5.88800407614
7.26510074467
5.7169508411
9.0392546029
9.32101791502
7.25505549137
7.83634442926
7.9671699864
8.96926566624
8.21037577592
6.64179253774
10.1551440783
7.52096014033
6.77840943113
5.92408241161
6.80889235444
8.24129657445
7.42876709352
7.61809331627
6.59168094426
5.98231771253
6.62819936461
13.2341433728
7.28096218812
7.07828337002
7.78012634293
8.038102178
8.22212265307
8.92576735389
6.66008170899
6.95584917509
7.68686031865
8.81260508049
7.37006746011
8.23100150286
8.15340446843
6.58413705664
9.16282859659
7.15485886699
7.99290865752
7.71709744664
7.30804463109
7.72836858161
8.16769005976
7.2108582721
8.6458262608
7.48310410026
5.97485019129
7.80433743056
7.42126947273
7.83022025179
6.68955295303
7.97488068378
7.96112840525
5.74923615259
8.26551309349
8.47588616776
6.20267497171
9.80754781758
7.19657294222
7.39706776244
7.20608484787
7.55406083386
6.66080094187
7.27132197243
7.68977681763
8.21801958267
8.38314219335
8.07054783606
8.27921598222
7.29024797144
5.81424939189
6.88465351358
7.67843634532
8.98464418793
8.02979389208
11.4180169496
8.582826864
9.20986314679
7.47900436767
7.98495513193
8.1051132705
8.95338277915
9.14483389189
11.0131176534
7.28786109569
7.17583062832
7.08505475788
8.6096309449
8.28973701366
9.32923826576
8.57360916493
13.1734739068
6.06368372757
6.60481312664
8.28379397106
10.2417221252
7.07241498017
7.64932907978
7.18424668616
6.68821571997
7.09500108606
7.01987070772
6.05841829059
7.1716476131
9.67198862901
7.93640058093
5.1003847044
8.4152971736
7.33384626274
6.35654021858
4.90756924726
8.87267091119
6.89151170211
9.02970091766
8.77655118878
8.38392828246
11.7167293786
10.525388903
8.32463760802
9.27730356204
6.89266950652
8.26345794635
7.20406988156
10.2096240425
7.70132820592
5.30234686086
6.51108014031
8.04396156213
8.62341873599
10.3094380838
11.6083148714
6.74556879246
7.76210693474
6.51020504767
7.63927522385
6.44031166158
8.46178389509
8.65481287399
7.27936087652
7.50331987914
6.90241432493
8.73999652886
8.06970305812
8.39432877767
6.23094630156
6.55556298678
8.03703572102
8.98343394677
7.05173671358
7.2175355458
7.40277140568
6.97121900821
7.62822462287
7.09196189005
8.63473950668
7.48863713135
8.90651244315
8.27923925081
7.11067372881
8.31360359187
6.31448624304
7.92692504167
7.09828592083
8.61689274759
9.49224323127
6.60936254161
7.95355404191
7.39570059406
8.20864901478
7.92308398619
8.49607332612
7.39785450441
7.1491061339
7.25543699917
9.28720395478
7.16897613512
7.38453070698
6.85121816619
7.59445489678
10.9830768722
8.75078568022
6.93767844635
6.04980148059
7.63990691733
6.13932525289
8.09315081667
7.51481836748
8.11398720775
6.47841009554
7.97959952906
7.3038852793
9.02006263943
7.15783582129
8.41462362192
8.30442062967
8.55613468268
9.55613177496
5.61839870657
7.14555676754
7.74237299921
7.18129072331
7.19603538087
9.26827295783
5.83353380317
7.28036638267
7.54735892447
7.48729344037
6.96959558755
7.87050324984
10.2139560662
10.8924503104
8.75049376932
9.86066773508
7.65422922665
7.24381674583
7.75388568843
6.33189535705
11.098979729
8.58560248012
7.33238522096
8.99051003469
7.61436286343
8.2199086343
6.94163972856
7.81604632457
5.93767186491
9.42788519472
6.66521865819
8.30404225526
7.5026553524
7.47154013981
7.08532660973
6.63894913935
6.39905457538
6.55692151366
6.59099813407
6.82842980417
6.63979524644
6.3658826281
6.68045565317
6.9617525639
7.91515477782
7.5387437435
6.81770541558
7.61771132995
6.84412972905
6.89809735748
7.55138824458
8.63259286931
7.5224434828
6.29367670945
6.78984050227
10.639773191
7.57877208545
11.1730243932
6.18721526626
8.32118305828
6.94810274564
5.94384928056
7.78015834602
7.8087401773
5.9398390898
7.66286384602
8.04169860552
8.16765609589
10.5648953586
7.15977220456
8.59199317754
7.42597249865
7.34013064436
11.0610235283
6.83020084184
8.12268263717
6.4629054265
7.69357769362
7.01159540232
7.54608140811
7.41618813309
7.04670156814
6.85620863072
7.95181547253
8.09415884358
5.69333128136
8.71554167897
7.0339818306
9.15479403163
6.78596424226
8.43581617709
5.95028226172
8.13391002855
6.46956889765
8.73085142659
9.27930352481
7.5702565535
7.05166933703
7.30284420797
7.2674931145
9.17046788444
7.09160969254
6.19503282175
11.7192644367
6.67333675814
6.6326888612
7.68521191947
5.62398450824
9.1800654639
6.66759674038
6.71981249505
8.89555510683
7.23655028279
6.73935305512
6.95455156938
8.50517908896
6.7448160379
7.54151571529
8.08726399075
7.19692160677
7.67462724382
7.06019330723
7.62215120891
8.10544032179
8.10389818034
7.62128853722
7.7780189153
7.36657274795
7.57961470283
6.83004677237
8.03282366194
7.84064974172
6.88616299006
7.32766957888
7.18797639125
7.53482628985
9.28615098891
8.6019504976
7.6361492451
7.97000104541
8.01899661835
10.5380642558
6.96278880126
6.58914859271
7.86981503431
8.05179988793
6.59205917282
8.37381093928
7.64415719509
5.94359275725
7.18043046069
8.17568422828
6.99953060847
6.93626858671
7.9755547309
7.076860131
7.02102728847
7.64409201728
7.66511354704
6.77281078398
7.09379760745
10.35885506
7.78645538026
7.99521804909
7.85373706617
6.708396913
10.5451739667
8.7028166932
7.89674261757
7.66288115003
7.40809317511
5.8901391456
7.78467160233
7.21336854539
6.88173691429
8.66956216137
8.36247499243
8.1109919146
7.1342228533
7.25032978012
7.75127268594
7.64720786009
5.66817914294
6.21450086455
10.0468020149
7.78160568845
6.01833212307
8.21022748643
8.32438019845
7.76020274529
6.03594903014
10.0540531452
6.90220721187
5.89380116897
6.71078837799
8.45161797026
7.63211656037
6.43533978699
7.44475802457
6.81781736021
8.15556615018
6.063756367
6.33074925639
5.76906025952
7.38171947822
7.35178868147
6.95946475884
8.68875800579
6.32963839387
12.7018624253
5.84051676038
6.72807635396
8.01684263146
5.84701825197
8.22281326752
8.29734008521
8.198768054
7.18848589159
6.86940648755
8.20471714134
8.07982453365
6.92193919024
7.27644820857
7.34056811851
7.02008405629
7.88233272341
7.51281919193
6.44086463447
6.92856514868
9.64522940208
6.86257596292
6.86859320437
9.12748782985
8.52096189654
7.39865661595
7.15385810409
7.77003181165
7.91307688283
6.03577956404
8.42146855201
5.74071467238
11.1154171678
7.0446399352
8.59045352686
6.6749826596
7.57177734255
9.6321988424
7.86688997024
8.06408980499
6.05901862698
6.05929046754
7.30019690132
7.08142763042
10.0788155423
4.98338925572
8.41886314715
6.96673010793
7.36927335256
7.77962751287
7.16179294635
11.0924479467
8.84590780517
7.61283365269
6.83147998045
7.10016550786
6.62711153925
9.37356078432
5.76140983482
5.85128384368
7.40048500547
6.71435222415
7.92389284408
8.35449746286
6.91523568461
8.35181487329
7.60486157816
7.89356114119
8.54623217347
5.64362074913
8.22546104493
6.73232553335
7.80929313367
7.75105791607
6.91980688021
7.24294851182
10.4591988404
7.72952600321
7.92517610092
7.38437482203
9.11879206141
6.12018372343
7.92252869044
8.28481099393
7.40207579585
7.22184311761
6.81150691718
9.02478897041
8.44281646037
6.2681020234
10.5546545834
6.43549635757
6.31028523086
7.22856803101
8.28424918515
6.79149411865
7.0258094606
6.36535603593
7.56996285036
6.90998541817
7.54071215014
8.40327275382
6.56447553903
8.27606628999
7.71554370829
8.12495923647
11.2081261044
8.07787448238
7.88102398635
7.15330176705
7.4283287395
7.37613073603
6.45964749827
8.00225997103
7.81173260409
9.55267070358
7.32630157078
7.70072542728
8.25662411477
7.06886427257
7.33414189772
8.2694675533
8.7143362339
7.00103625348
9.81143860004
6.86299029981
6.92922753568
9.36690958465
8.11753739147
6.45890511987
6.17985327257
6.9093045927
7.27860568144
7.6394326739
6.73957166988
7.27318588413
7.93286155751
7.86855037776
5.91566735081
6.22199257493
6.3550564891
10.1089592159
7.66740768983
7.25316166289
7.78480357523
8.52948823814
7.94018339578
8.32633231633
9.32768397066
7.64645243373
7.68185984583
8.19384492039
8.80775529983
7.67130210659
7.65473936331
10.1219829942
6.68106094891
6.41955865132
8.56727211987
7.62896978742
6.40944420529
6.81265405154
7.32935128667
8.31577823591
7.82098032516
6.86656583319
6.94030192167
7.16763122835
5.59093823845
7.94868767249
8.86364045904
6.81558265051
7.6518107831
7.21622496355
5.21297025296
7.99861432987
6.72076757448
7.48544698163
7.09926598431
7.81094093884
6.01720737984
6.72541851488
9.17046871748
7.63007743395
7.00255599474
6.73899262677
5.53377489864
7.49608180986
6.60736572565
6.66590666893
6.15450861051
6.56935899212
8.45764277099
9.07478644577
6.3666134488
6.48246112599
7.21946731077
6.87633146793
8.94274393723
7.26696394282
8.13687358868
6.68950230076
5.61018469564
6.64545045916
6.56638830383
7.99783906496
7.7491944212
9.61109534098
6.76147181705
7.77680221795
7.7852646053
7.19368782868
10.295869414
6.56264696184
8.56439703504
5.21784591044
7.39124051027
6.50497919449
5.57380054329
6.80179794172
11.0226601025
6.30544051324
6.93192017381
8.05536388263
8.37444901207
7.07814067245
7.20549465786
6.74204770069
6.46113108122
6.84132226797
8.23520079734
7.17633712513
7.25427949804
7.23080311255
8.20555204772
7.93487805349
5.88943761968
9.00469702634
5.36829336197
6.4702691839
10.4760615405
6.96227607183
7.52757061104
6.40786492759
7.61056170363
7.04711147714
7.10595041266
8.64373075185
9.79381404849
8.49726644714
7.60953558685
7.7628970887
7.71359596724
6.29186100705
8.36108315936
7.04537010117
8.28786440953
6.77847634066
6.6684950255
9.95424266149
6.9797411931
7.52601064849
7.31953798725
6.97029261615
7.30916469298
7.94258062956
7.78037865352
7.02431089225
7.50053591447
7.37302644892
7.7654003058
6.64376538851
6.66864289392
9.74013123251
8.96907306959
7.12766250549
7.38090770534
5.51294592445
6.41388075377
5.79249640149
6.92334594987
9.90856840766
7.53043028984
7.6177570785
6.76653188622
7.78905140584
9.57496983495
6.87793441658
6.15825413894
8.14013566793
8.92174818387
9.56513536997
8.30527131325
7.11818939166
6.01111102395
7.80688800443
6.52793269704
7.43561137164
7.74299026683
6.46646058015
6.25495396698
6.28983153925
7.23080832431
8.23590854365
8.74841626111
7.36081003953
9.55335908451
7.38292682182
5.16208105833
9.37303244434
8.35928812533
10.4118927715
5.9707192562
8.94239436283
5.98562206641
6.11584901614
7.66002740557
9.87438218424
7.76976382007
8.10191646351
6.48127932893
7.05159119319
6.86066329987
10.1137964259
6.51240408445
6.86814070455
7.49822515299
7.49406878408
8.86060259255
6.03315215686
7.51317918981
7.30291922145
7.75757247019
7.63021172608
6.61377843707
7.3674217719
8.46813121073
6.74984643843
7.0497196368
8.64661094968
7.53373249736
9.71900218835
6.55625925634
7.26347135145
6.41731499741
8.65644627693
6.96950076591
8.22996930336
8.28326415786
7.61393503736
7.28511935981
6.58869838416
9.04415403203
7.60564852758
7.30623507772
9.55854761348
6.02666184485
7.68716408963
6.97231205373
9.25516322434
6.97840486066
6.35719161526
7.4350198431
6.52009055574
8.47328354713
6.893940901
9.64597035141
7.19373286285
6.77902847033
7.49307752455
8.05034884179
6.53582784252
8.47657973472
6.7179093941
6.5644449091
5.82746404872
6.94881294926
8.69897662388
6.7875345234
7.21388734545
7.52559321547
7.02342096574
6.58808768454
7.89061971697
7.82843670525
7.12706394154
8.34215138877
7.64179360158
6.44955754515
8.16939715238
6.56455489555
6.62621735006
8.56206416421
7.6658597422
7.67474768493
6.64881809562
6.45539414902
9.79095833006
6.2616611888
5.92153868516
7.48635814015
7.44589490558
6.98668433276
7.1066708541
5.72689890837
7.40050178393
8.52473785336
6.15171872982
7.63647487937
10.2147744578
7.93861573448
6.14247870322
7.13040874578
7.29875596343
6.92242981763
7.94242128429
10.8299131164
8.0511682199
7.93961551992
7.43573940345
7.6711239064
6.43749059801
6.57933801965
7.64992186223
8.05639663243
6.20539606976
7.58994196381
7.23763503398
7.11845124463
8.0908257072
7.00506177373
7.27513057559
6.74242775685
6.85609698113
7.29934869589
9.58708598617
7.26120112261
9.59997073388
6.55200613128
6.20023008592
7.2953902301
5.6932200383
9.77621348248
7.2713159463
8.12950965319
6.41769939822
5.74729164745
8.12541644811
7.58077692291
8.98667315167
8.73474165014
6.19725703315
5.64780401341
10.3481057904
6.87942735918
7.1774953866
7.20126441648
7.79899125586
6.57450707589
7.14884409528
7.5675114519
7.26037375265
6.66091979782
8.35751737294
6.45450143214
7.62098225902
6.39678300592
7.75665514696
7.13372461231
7.49065683558
8.21736912315
7.29562682601
7.71974762328
5.80783353288
7.87799011466
8.10812413774
8.56696693429
6.34358322356
10.5840156116
7.58172659707
5.65563215799
7.59334103819
5.45253040191
8.85254724147
7.39799069295
8.44099971498
5.9718638714
7.46584520006
6.79189911552
6.8926906234
6.26359688117
10.3718355286
6.30735621899
7.94371481078
9.56815190586
7.48294897513
7.35169810933
6.09733374485
7.54176572452
6.86503744392
7.84290562066
8.06709082836
7.85206177989
8.06176829682
6.47772646075
6.42146058627
7.51155353554
6.92016880511
4.9297634143
8.43924095348
6.19079324233
6.9307937762
9.00705280385
6.45564312267
6.7969095467
6.40623745117
4.73365642011
7.58271454029
8.13335109822
6.57799981903
7.35890366684
7.72684843321
7.34300562313
6.46613654873
7.30062689861
9.15079097703
7.76576087283
6.23685564868
6.24039748079
6.67673979411
6.94210890849
6.69429620717
9.84781315166
6.95462032494
7.26760979035
5.92427628059
8.28571424273
7.39858639775
7.04266485767
6.64704967697
7.78523685729
6.90446964703
7.10133551816
7.18060171139
7.11257751466
7.27013647875
8.2382071424
7.10339076559
6.50188220867
5.45895014913
6.80255622778
9.96320396275
6.86652133829
7.87125148684
8.27803304874
8.29702470848
5.61072171757
6.41023378444
9.32050070329
7.62174857493
7.73446522933
8.38923251266
8.23220706645
7.50279628473
8.19819891129
6.49891956899
6.71118705403
9.17736885556
7.69802492054
6.86782888622
7.75273002413
7.83728686235
7.67109027188
8.63583848927
9.9754918157
7.28525082242
6.54219599295
5.50704867511
8.04751915297
6.60850674989
4.9811995937
7.081583604
6.47219869693
5.17113895086
7.98177894074
7.17476029453
8.0021091979
7.24066543707
8.20853548637
8.10870238604
7.12553130726
7.22867030254
6.32606449579
7.96435971315
6.50543017599
7.82306120603
5.4519245263
7.30903556183
6.94597305838
10.4183955688
7.28191609883
5.89239701859
6.79788982626
6.69632815836
7.2691356286
7.36360453438
7.37004598169
8.30448015152
6.91122318681
6.49414188542
5.94898796711
8.26942806557
6.31050807638
6.97153440472
7.27726980159
7.29905866537
6.32926761341
7.61401856589
7.63530777889
8.4598624403
7.00253563108
9.6660454579
6.73743699514
6.06234673759
6.80755892391
6.15363292017
7.20825313932
5.61064587039
6.88994249045
4.32634093448
5.12090661217
7.72792704409
7.28468369531
6.6758426072
6.69390291764
7.4184920221
6.64771029715
6.47713299627
7.64199108926
8.74133369073
5.19366797366
7.51494337177
7.02566774162
8.59390624896
6.94406134993
10.3513939316
8.0697821013
7.74964350215
8.3994274226
6.565900681
9.65715179124
6.95975122449
7.52806078637
8.77648968437
7.55532926373
6.99055088058
6.96255039605
8.77876031349
7.02752052646
7.02891814872
6.51020497711
7.16095564241
7.16687131117
9.32729601688
7.46070509072
7.60229282292
7.37341254613
6.51660120437
8.52353346272
5.26639475412
9.28662326584
6.57552752559
8.36188869882
8.04723440869
7.40302340893
10.6471073056
7.91282661402
8.46349110089
6.68778657446
7.00808663062
6.60815273891
4.88964209422
5.73811957371
6.57957812625
6.12182795656
6.33170329774
7.64644176461
6.19746932818
6.99885755411
7.35893816472
5.03551969376
7.45856967012
6.58063557323
6.35724598453
5.54034980523
7.43725753509
7.16877102677
7.6721662129
6.039293342
8.09297917715
8.52038406235
6.67633447445
6.52139233963
7.50573373856
6.85040941289
7.98780808612
5.80896735983
6.49820723217
7.12399202152
7.42490479271
8.11918333819
6.79592874033
7.54206443233
7.87219160248
6.53868544985
6.56399194487
6.27493004835
7.68949922455
7.03578605059
7.43130155059
7.25076514553
8.90690923845
5.8056316874
5.71604989977
7.87199354143
7.18504434311
6.60282944313
7.83101735224
6.6919505093
7.37869066357
9.2681824107
6.8244059712
7.34621899622
7.11965961458
6.37144590183
5.15276059376
6.26176363673
7.37396474116
8.48103676044
8.78550906416
6.25811513221
6.7031231469
6.41430015044
7.28223628955
7.69783480041
6.78528383344
6.48940150581
7.63601063745
8.05487878238
6.50589608126
5.73790967023
6.56132168396
7.95461353663
9.62214452782
8.21311637572
8.21819042563
7.26501454244
5.18638610268
7.33501873964
6.01025344
6.93093406682
6.66312589977
6.69893472037
7.11319259648
6.22189716505
9.0548112937
5.77482515743
7.90888510923
5.25729585785
7.89300707916
5.27985434358
8.40328517587
6.90960246548
8.41679700798
6.72893752806
6.78284984193
7.36375828207
6.32248448356
8.20505494738
6.64469900357
8.06761801256
8.70193989152
6.55171118732
8.67360906081
11.0839588859
7.13387777126
9.81061871219
7.06159385106
7.7419964637
9.56512799561
8.22487140375
7.57704693675
7.04277970445
9.34398589697
5.81361063888
7.10316600819
6.6441485566
8.02351637334
7.58134070744
5.41094255076
7.36001963414
7.44003851121
6.7052671281
8.31388467731
7.92353527623
6.61880733932
8.16014147744
7.7424032099
7.94295655757
6.18939931616
6.78234569795
11.1292579329
9.41463244011
6.68954125942
6.22148754094
6.30705489559
7.37142950383
6.36327823463
10.0674790756
7.61021150711
7.18555044259
6.21217827711
7.16223982842
6.12696302545
7.43101424579
7.71408796016
7.53165799506
5.99538677441
8.62884920794
8.11680758966
7.90381463263
7.69578237361
7.48023382136
9.08625103802
7.24244140343
7.53947903334
8.65102556279
7.42080160818
7.32679803607
6.89383339508
7.03421151624
7.84669619334
8.73903295551
7.58206089538
7.45202385036
9.24971084948
7.47850362381
6.22654665064
7.72072165605
7.049367984
7.373380232
5.56790269554
6.37562747514
5.09161893527
8.12895302414
7.70831419314
7.40801008777
8.51596353625
9.50985933203
7.64065879617
5.56263917964
6.05938536036
9.04059814462
6.89159607554
6.85833458492
7.58661445536
6.88362972625
7.58737150095
9.75250530254
6.51279232033
7.00500940464
8.22308475491
7.70960624526
7.32457517246
6.84428679206
7.6850199877
8.33303316871
8.15520529356
7.21907836628
7.6436907233
5.44671806119
5.33489299338
7.20683726023
7.1859694834
6.71045750391
8.51247827198
9.61294594259
7.80533113029
7.02200307758
6.16465527321
7.28038285532
6.32170470048
7.24809168765
8.46649313547
6.72947764563
6.97422971554
6.92395683169
5.60020597321
6.33809023133
7.38074434714
7.05569081474
7.29433102358
7.99940125737
7.87665904966
6.04459670389
5.55813517204
6.68000262664
7.41362481983
7.99745525171
7.56940276993
6.23682954497
8.34163160941
4.9381740785
7.3651681012
7.03230585442
6.91432632687
7.76235182265
8.5164730677
5.52109181959
6.46647961776
7.43309385124
7.27459063124
6.47049166661
5.70320270113
9.3710618802
7.02041234034
5.88391616864
9.24056973046
6.00767199769
9.65879382921
6.80133415288
7.71156026602
7.7567863021
5.19248405129
6.90151421121
5.77824720662
6.13525781502
6.06429710981
7.42229394645
8.9431546555
8.92680980211
6.85657022415
6.67970750875
6.2344369347
6.48834863387
5.13696442714
6.68002325121
6.6687689121
7.11658984825
7.14234798746
6.40117685513
7.62667464988
6.31526997344
6.83057981713
6.09627196263
6.24811552492
8.97895846555
6.21741854727
6.45687211429
6.29628957037
6.86168887597
6.57929647722
8.90240848588
7.05194753894
5.98253019527
6.47874174325
7.88998894755
7.99984117478
9.04816563714
8.20663989477
12.2660217064
6.30377297187
7.56175638672
7.98908213489
7.99747186678
8.07100028919
7.03434313266
6.26941681378
8.00003487222
7.34073188954
5.53733545375
5.12872144356
6.77399114533
5.80461642573
5.73262301728
7.96810789587
6.69271178473
7.38335212954
9.25126471715
8.44977582542
7.21254847692
6.6918353385
6.9137726368
6.66099214272
9.86603467446
7.62570947139
6.41185348218
7.2581139275
6.47420229666
6.48362552241
