27.1421108636
26.0957563835
26.3169362688
22.148554865
25.7765703426
22.0685820353
24.6392706982
21.5494304138
22.9082555871
20.4963971905
21.2440689196
19.991278058
19.8905295254
19.2582021532
20.7614136446
20.7253992411
16.8407543746
21.8005610648
19.574538758
20.0390687858
17.8616834199
17.1828202963
20.1122166994
15.3604368606
19.3332638864
16.3882656153
16.2539326092
18.265685541
20.2530547623
19.8874918147
19.7642282032
19.651513745
18.4487737236
18.3075498325
20.0606286947
18.7805332755
18.4220572041
19.4408489821
18.3155325004
18.2435968679
18.1538609426
17.3067082804
14.8465972218
17.901859908
18.1276760906
17.9202521889
18.7103405026
17.7614169445
19.0494915803
18.5844165535
20.1488537663
19.0091184506
18.2925890905
17.6486022016
19.4700309098
16.319425483
19.6082545262
17.6832601372
18.5077443123
18.50770765
18.8567921158
17.3080268311
19.2732234196
17.5764911045
18.4328889937
13.8290891114
19.8857133917
17.711310744
16.3536439472
15.8717772705
15.8262841142
20.4368913268
20.6021167537
20.1290612772
16.8716521825
17.5884461421
18.4531017621
17.1518612219
17.9285318635
16.1013132219
18.7165394875
14.0169626449
14.9885785117
18.6985651541
19.174205532
19.0800050099
17.6461574946
18.6467729139
18.6775122792
16.394715978
13.6782584268
15.6248481646
16.0178835083
18.6866607963
19.4049918271
18.447219503
17.9639025059
15.5960517684
19.8641404689
13.3991926784
18.5803525566
13.3253631224
15.8179582589
16.9552375399
19.261940922
15.6710327278
18.7474617889
17.9620392842
17.9655017985
17.6970218445
16.9122384208
19.5566065008
17.7661360779
16.2226523494
18.7147431114
17.19633831
18.1825719239
15.8637398048
18.1603025448
19.5934851568
16.890357037
17.3656210773
16.1783884992
16.9419247923
18.0234850993
17.0612018307
15.6356036459
15.8950271718
12.2525893142
18.3021878606
16.1873872844
14.2399190931
18.9796388801
18.3341731957
12.1637266752
17.8734381512
17.4464787598
14.5955346096
15.89788989
18.1674876074
16.8931156073
17.4642662216
18.4073948004
15.7024061077
17.4933817564
19.776725699
19.1270662493
18.1155994079
17.0755308798
14.0872888402
14.7515219675
17.5432376885
18.2332607241
18.2050151731
16.1360032199
16.8983296111
18.3483541262
17.4433831989
15.8827171489
15.1960099804
16.6517258495
16.38354009
18.005920496
15.3882159913
16.6959527845
19.0213948298
15.7707756884
16.7034519543
18.6074150815
16.9261632619
14.9275517727
15.8746500611
17.2738466363
17.7449166631
17.8936428818
17.3444707218
19.9173380092
16.0769236366
15.9317802087
15.4535686187
17.9239561714
16.9732335088
16.7281990425
17.4987237373
18.6461548859
17.1527054462
17.3195129923
17.0865117951
17.2269524017
18.3400893451
17.9110809936
16.044133606
16.1744164913
16.1633672039
17.3980389948
15.2960868363
15.9751007229
17.2957071902
18.287901419
16.4105468399
17.1352488592
16.7515712141
14.100269051
14.2087224704
16.1694410165
16.2260180288
13.8716087591
13.776102077
16.5514153165
17.3707144871
15.2998790339
16.7212158756
14.9040712086
16.7032696056
14.7553484259
14.5792699698
11.2179472464
13.0179149856
13.5722568415
16.6065323626
15.8597822097
13.8403824139
16.5196044943
17.4528745556
17.1816416105
16.9044736051
12.7906813303
17.2176291226
16.4667997273
14.4149621904
14.8974582504
14.1973758427
13.8799308493
16.9303877256
16.345757319
17.1397331336
14.8204859447
10.3375805143
13.8938599519
16.2003378858
12.3797915814
15.2153781902
16.5120277474
17.360634615
16.4981655817
16.3082459648
15.8310191403
11.3456140606
16.5521021376
16.1387157165
15.7038702869
17.1109468581
16.5407960355
12.4210343499
15.7135191032
13.1964717751
15.5802252771
15.1369644671
17.0723440074
15.608277051
16.4877622297
14.0234078208
15.8068827251
15.8383728739
16.2772624723
17.8266595123
13.0205487426
11.6469748927
14.6535160241
17.6863789482
13.327319799
15.1681477579
13.7143029936
17.6698758611
14.4831253923
15.173691372
16.2361098928
17.9123091213
15.6984149932
14.8536073844
16.5271954817
15.5285267713
16.6873437723
16.4380070641
16.0839447935
10.2997834487
15.5200611972
13.4711385062
16.1375208375
16.887125524
13.3316636663
15.0586154341
12.5274438653
16.5142285607
17.5541367341
15.590016219
16.9388388494
12.5085550503
13.782650991
14.7956254528
15.0943885931
14.5548476699
13.9543823378
17.1029085459
17.3025314536
12.5090788335
12.0535177157
16.539809665
16.9758772243
14.012322278
15.0732620373
14.1539177989
14.8814403034
16.1529988541
16.7008021295
15.459026916
10.2679903778
15.8789132402
16.5405610356
14.8843182816
14.2533649749
14.2431733465
15.3989966805
12.9632957967
16.3068354574
15.625513722
16.309542746
16.9556520392
15.2441908258
14.4413705513
14.8838754682
15.1339849357
16.8853106037
14.2373681208
14.6288771147
13.8873602401
12.6851332457
12.5822227042
14.5982236856
16.2874301354
14.0344336164
14.0890955764
15.253718565
14.5798953248
14.1419068967
14.7098316177
15.5409326065
11.8156156762
15.3151590136
12.9863666814
14.7665572388
16.9968206136
9.05269239031
14.5082464955
15.7201552379
14.9061624035
14.8074420476
16.903676834
16.0001111687
15.8075900592
14.5119047214
14.0969964262
12.0012431055
12.5287013929
15.2901343994
12.8538593783
14.6917493917
16.1463451877
15.5405433689
13.7307838451
15.7783133132
15.4612462237
15.6181676713
13.6293990142
14.0917273338
14.643781757
16.0653751597
13.3674098846
15.9944592197
14.1643781457
16.1568275434
13.6464925996
14.6594143223
15.4427301742
16.079373089
13.4334175464
16.2013091224
14.3978752298
14.0288335142
14.932433789
15.7504367474
13.963910221
13.9302015038
13.8406678712
15.6940464832
13.8649070457
15.2075129168
11.772645231
14.0585594384
12.5902723147
15.7195450814
11.4271674585
14.3509702687
15.4189781229
13.4009312564
13.2087899887
13.0751946331
16.491874925
14.7415259261
12.3935758628
13.6444408193
12.6994150432
14.5363897103
11.8187957502
12.1316755009
14.289484642
14.5076479099
13.8336060701
13.5092699285
14.6767633159
14.7550247705
14.3036103657
14.6681998686
12.1819097268
14.016689439
14.302875315
13.6154124878
14.7390846158
14.1801332644
16.7016656581
15.7353390418
13.0889674929
15.0987186287
15.7512375404
12.03163642
14.3673789771
14.7279652549
12.2464464043
12.4359169999
13.7550458899
15.6599017355
13.4780614699
12.3642851726
14.1218835478
8.89808536242
13.3856219719
13.6942512604
9.10326931436
13.6613360133
11.5002819217
12.2514899585
13.1160517477
11.4902079128
12.5993941534
15.1992839456
11.3341504599
13.7313441237
14.994930405
14.4257703878
14.8002731955
11.2432071931
14.8886691482
12.2458643864
11.9746679278
13.4613635904
12.6957857388
14.5685701779
13.1046637083
13.5076430639
14.8898678408
11.130930742
13.1431242816
12.6773857443
14.6846838727
14.1026394853
10.7780722083
13.4082666632
11.4249729945
14.6235436162
13.7237070425
12.4721149915
8.43375855381
14.7491659785
15.9491847
13.2417917805
11.5962828399
12.5530595331
12.0760558406
13.0885236383
14.0336356563
13.5859502235
15.408511519
14.059361365
13.7018661072
13.21942114
12.8441409716
12.5363225219
14.1800249592
13.5616728434
10.7630187762
14.2589235053
14.5998625797
11.9185658854
14.93545713
14.2147294966
16.1822360401
14.0936116643
15.0993486621
12.4067415822
12.1044358435
14.3665001636
11.7377053644
9.4562460347
11.3602096128
9.81120206331
12.718920549
14.1279378272
12.5682492661
13.6781821865
11.1567043775
10.323625631
12.7432242898
10.8740709243
11.8382634854
11.4099794125
14.2112952238
12.4761611854
13.2099342249
12.3288231468
12.8741556368
13.0726459529
8.97077294048
10.492024216
13.2184199861
8.89062531908
14.1652591403
14.3954380792
9.75125142183
13.0476361974
14.3249092552
11.1780622875
11.8025163228
15.8725560064
9.8049846986
8.8743782274
10.9214129251
12.1099363183
10.097287933
9.84771139894
11.2048341073
12.5613030957
12.4346868645
7.68256754954
12.940663522
14.588191735
13.2585543957
10.7331204377
14.9163612475
10.1824218757
11.7104920635
9.87063633186
13.0234808134
12.9123863233
12.4037082872
14.0395614827
10.0158802663
13.7355305463
12.9950407484
13.3024537575
15.0449640747
16.2147247084
9.87037673874
15.112055996
15.9726101746
11.5448403801
13.5611532242
11.2434763297
11.2820418572
11.0217085995
9.95530411574
13.6913322877
13.1820863305
11.5441161851
14.7989998714
12.5661542477
15.1081670487
10.8784589086
11.8195113376
11.9914299971
15.0982551869
13.803808344
11.3861069754
12.8866775936
15.1586715435
13.5480673052
12.4016117747
13.2545997557
11.2489256816
12.595937993
12.4188213822
14.8945926514
15.3826914411
11.4429189302
11.9600591677
13.4028845064
11.9373769015
13.7229910356
14.9284330247
11.397241844
9.79628605312
13.7574354086
12.6915279011
13.1879121481
14.029581595
17.7423753482
12.7786917155
11.9680913516
10.7388638715
9.13554847022
13.2730200869
11.8551978313
11.8428531898
13.4252138419
13.0347084602
11.9174927289
14.2740366085
11.0680094301
11.324962341
13.1002166012
11.772851191
13.5543967671
14.2844471978
14.5308349772
7.21232894316
10.9987590601
13.1947646683
13.5064757287
9.47723481698
14.4398927649
14.2259981574
12.9333342707
15.6276404494
11.385996993
11.0783198824
12.509221817
11.0557372838
12.1414855267
13.0909026103
15.4239121469
13.8554376116
13.7910948257
11.405083052
12.072702512
8.95611126963
14.4982465602
13.9433321642
8.60474292107
12.1155623507
12.0816907401
12.4476200143
13.8119538155
13.9059817551
12.7827790311
13.6867402866
12.3160645064
7.85388007335
14.2012577939
14.9727381983
10.135672136
12.9521901037
11.9978914072
10.1869931784
12.1638869815
11.0982897771
12.0054626729
11.0090308547
13.4558098531
13.5479840224
12.1699266339
12.5591719399
13.5567495109
10.6905842573
12.4470437527
13.8779970933
9.62189275349
13.4780718269
9.39937907832
12.6457440752
10.6576695998
12.0043798298
11.3116875434
11.9474623334
11.7470116118
11.8817322779
11.1145608407
12.4084464834
11.9944209715
13.2911305055
13.6876730812
11.2725489837
11.6526270594
12.4358647741
11.7870499331
14.9224657739
12.4134639794
12.833940684
10.9151536949
13.5244368792
13.3402576384
16.4051464222
12.204662373
12.0549378784
11.9672934699
13.8497822654
12.1560098571
12.5147564645
12.5580282464
11.1189017102
12.2424715933
13.5827945398
10.2145756584
10.8733735857
11.0177173531
14.3091236205
11.3198926457
9.20882057871
7.68593663215
14.2933411558
10.5259753451
9.15838870698
12.1566827859
9.52418919986
11.6463640863
12.8812867847
12.6013020982
13.7242660357
11.6204571909
10.5867309387
9.58223806829
12.0317766713
12.3826925677
10.6562365888
14.1553573652
15.6682994759
13.171362329
11.8679033966
12.5673165212
9.95558025455
7.40915637915
9.96373494316
9.12847345895
12.1603937019
12.295377155
10.2394861495
13.5389165047
12.2554061419
10.7103002206
11.5756557403
10.8235979552
12.2430623511
11.2150517174
13.1728327484
11.0567948392
12.2954168586
6.09091169364
10.7054077629
12.2697387928
9.92104839135
9.17567898607
10.4279971975
12.2914568461
8.73187543812
10.4053540256
11.4381658594
12.2184151724
14.2549124101
7.5920820331
11.7105806664
14.7259417283
10.2792362376
8.79556346797
10.916062585
14.4947779608
11.1047657724
10.766626255
12.2724241236
12.3691915694
9.83876871839
10.4068213753
9.38957463547
10.4443133083
9.49372082551
9.46112863094
11.0943035025
12.8705125751
11.1143680824
11.4105028823
12.0538440507
11.8326226931
10.8175838497
11.4137962336
9.32425270001
12.0031213975
13.4399887325
9.43646535209
11.1516546985
13.6043918717
13.1767864732
12.5986332502
11.5654622393
7.30248267928
13.7195906519
9.40656455007
12.2005101967
12.5271481122
12.8576100867
12.0546421824
11.4835437519
14.0327423389
11.1123982105
11.3644974132
8.87422520397
10.8277698894
10.9658020549
10.2099675936
9.83471136456
11.1214785962
7.58576775184
14.3669114999
12.8474425153
9.95723111548
10.3725785371
7.90078871172
11.2633619695
10.0721356895
11.6533068378
8.90983247294
12.5997816845
9.53196575745
15.5954767837
8.758293287
11.3810334988
8.1774826908
13.3306008789
11.39624329
11.2334615579
11.4002124383
11.0969733806
7.45280004286
10.487160894
12.8271222753
9.78723555357
11.228654684
11.1672865076
7.5155085338
11.4410176562
12.6371513697
11.4053820518
13.04527144
13.473702874
11.9499777688
11.2921223996
9.95197235366
10.322845045
10.0343172845
10.382932169
7.64280858279
10.9226320334
13.9924421506
10.8506932078
9.19157385514
12.2168307044
11.5068733932
12.3016863398
13.6199101206
13.406001313
12.0722586621
11.7115037196
10.496050423
13.6179066818
12.661131313
9.76377163492
11.5967087519
15.4539722422
11.5196135999
12.7703191377
12.3007723182
9.80487520423
11.261581626
12.6277834782
12.9154790628
10.5936486692
13.1671906765
9.45374826788
11.9415655179
13.0284981438
8.6718878909
9.07482051672
10.1189966796
11.4504852492
10.8062549234
8.22287529549
10.3566807886
11.3645903847
12.2020852366
11.8931880262
9.45377004677
11.6881684779
11.5151810026
11.086939749
10.9510897535
11.8615887329
9.29718808628
12.4260903531
11.9470759543
10.3211216731
11.6172709775
11.6964418926
13.124024971
10.1452296676
8.52926052908
12.9102635202
11.1278543788
12.6338652029
9.0174439179
11.3617614103
12.5928755574
12.3659051013
12.4031308999
9.30506007631
11.0148698126
9.85523715795
10.6036561348
10.3107201534
11.6885879479
11.8928083895
12.0034691387
9.30659755501
10.3630978464
13.3469302033
13.537061039
9.6693603946
11.2908312046
14.0276752688
9.3980260335
13.7795262588
9.60106258987
11.6099081783
8.82123036545
11.4179367317
10.2671152269
12.8663148484
8.92370806206
10.9932329431
8.67365171255
12.8389973678
11.958759595
9.03088605223
9.96776419131
12.230900652
14.5892832756
11.4204111841
11.1178134772
14.0871204915
12.4088341365
8.88854378165
12.3286114005
12.1306560492
6.70192363083
11.0752987551
10.9655626691
13.0472644915
13.4676753904
8.71237289465
7.77574300773
10.1882193141
10.3279770622
8.91830373171
13.2513144145
11.5754933278
13.2151120142
11.5887925757
9.7701069074
11.1671500851
7.30752476502
10.1292343865
11.9058868213
9.67822397939
14.7018141838
12.566722677
7.46345853485
9.26897947984
10.7789862917
11.1633055617
10.9355089247
9.49346051281
11.1872465664
12.6349445743
13.6020021452
9.23493895386
13.8274927233
11.6383026858
12.3854495531
13.3093177819
7.62764030388
12.5298313241
12.0144570038
7.55744076541
9.21346118929
9.97205362988
9.91252460012
9.27132390813
11.8876709623
8.31582108365
11.6691399633
9.05455913718
13.7511293847
9.82274012947
11.1197634282
11.569496409
8.96240891985
10.0855604295
11.0256169989
8.04758564092
10.3252837627
11.6903871085
9.73264390667
11.6808568238
11.8677329206
9.41654019528
9.51977197941
10.442108872
11.3210599717
9.63564905011
9.80848643554
8.77520358618
12.0030233007
10.8320709637
9.6427162639
9.3296327384
10.7318765448
9.32291467981
9.50554704781
10.6279593571
9.51783432945
10.4772123133
9.30009894078
10.053911962
10.1876938581
7.68459978147
11.6717971827
11.0915615408
9.8942594141
11.7594486374
12.900208747
11.2138352482
11.512071816
11.2682887423
11.2633301892
11.0613507417
11.3801819844
9.35600003395
9.31144222151
7.58254721917
9.77216686904
8.16806519712
13.5555280203
10.1035550382
10.3424896411
9.36446185052
11.3569698997
12.1581354685
8.55112846062
9.24968222142
10.5801718471
9.4332751981
9.9394741375
7.85699260976
12.6551602335
10.6815131484
11.6828896123
11.5305218339
12.8303175052
10.8266747076
9.80987612856
9.75516510536
11.2275911968
8.59464377922
8.76221583174
8.45113484582
10.5346199227
8.61182559136
13.5242750896
9.9926018307
11.4974140987
9.96686946293
8.97132287405
13.5528624865
12.3747415521
9.60207217074
9.43576481227
10.9412971483
11.4490614921
12.554013277
10.6454114934
12.2326071017
10.6872064994
10.403751801
8.1406136944
7.93618614149
9.45699907749
10.6138644016
10.8453915478
11.9220943816
9.18462405764
10.1175439058
13.2291155098
11.7226767292
10.7909329771
11.8473612399
11.2690640424
13.4463275872
8.56948149174
7.25287978512
9.39684577931
7.46968300562
8.93776514582
11.9726372298
8.78166838706
9.64695733038
9.81556373926
11.9336468266
11.5949141241
9.02019220566
10.6481869956
8.53071502301
9.80221841231
10.6876593487
9.0691413571
14.2668128533
12.8116347695
10.1143472896
9.29471047456
11.2634732236
10.9976747201
8.92483922979
8.42381728203
7.61262019709
10.949960353
10.2456587362
11.6620617321
10.4474199813
10.610022619
7.41758676422
9.44053003641
8.89802210472
10.3215740591
9.10205461694
10.5647994658
12.8142784942
10.7877503888
9.50538314721
9.86318503405
11.2109821535
11.4000234393
10.9689237752
10.9173787528
10.4153670277
9.68676515124
9.25855234117
10.9874970277
12.4417337255
9.29508736877
9.69316856043
12.8594733547
10.5393720149
9.78016129617
8.19224213238
12.1834544343
9.98569276308
10.7112049005
12.1811091245
9.85235753672
12.8336807522
9.13734552481
7.89702724831
10.1725713147
10.6304173054
9.23268116113
10.8382777687
9.72625787088
11.8208585213
11.3111317843
9.00898157608
9.07627560672
12.1835688981
9.23554148049
11.6593748386
11.4472126081
9.81080815339
10.7261628715
11.4525506401
7.63053240538
11.2675946955
12.5555393002
8.09291058368
12.9321209298
10.7812883229
8.60972306188
8.66777373334
7.30670426571
10.625787518
9.88762598736
9.67035138959
7.97355847213
10.7025612811
9.77673633061
8.70194178515
6.65529115664
12.5765887586
10.1545089534
11.5567454817
8.67882416895
9.45804522177
7.85145741221
8.99991159675
10.033665671
8.86656532052
10.2306533878
9.57507950054
8.41374868017
6.76947362215
11.3390725067
11.6342171469
10.5263089032
7.46787840558
10.1570273655
8.3908339948
9.91076414504
7.15510816604
7.78914840386
9.42546815566
10.3562513751
8.22210275298
8.76964753254
9.78105983513
11.7366529753
10.8585351242
8.13003953619
10.7880689059
11.8860367128
7.15725842339
8.52343634047
10.9454881492
9.51044177369
11.8331819988
10.0571960706
9.72296980707
9.65955414041
9.91260840429
7.50298378013
9.12673835135
11.7284910127
10.4155020848
8.06507931176
10.9609790936
10.1358204752
8.89255457772
8.79778652326
11.6090048778
9.45595961915
10.879830481
8.68753215889
12.7268389824
11.3495180554
9.88647831164
9.22122638537
10.8923126048
7.58069854073
9.1045229345
9.23872681462
8.37619425965
11.3111395709
12.5832340789
9.0117030649
7.92219920661
12.1841302279
10.3279455461
10.5005169879
9.43118022201
12.4746393134
11.0038780926
10.6441744551
7.85021071671
12.669239289
11.9287802091
8.86828185342
9.63630357427
10.6086358912
8.64184373738
8.98840820485
10.8741445697
12.8745020792
8.44386837233
10.5936629161
9.68792048791
9.37778855184
7.45770201943
7.76219376821
11.2730043699
9.69306728078
11.2102564862
9.44825106986
9.63246081564
10.4048643614
7.39939767719
11.819637301
9.02980795254
10.2697931375
8.00140233895
11.6453118599
12.1034418927
11.1424201805
10.2513723783
9.53297783828
9.99224444487
9.9413336161
8.56315891341
8.87614750844
9.87795894612
8.76864068076
11.1017006122
8.89424796517
7.3986648091
8.36051146123
8.9259229397
10.9701760334
9.77009039532
9.03415307901
12.96535582
10.5265759782
9.07831187722
10.1774380552
11.2993229373
5.81597898055
8.60912048702
13.9268785308
8.99003229636
11.3453385423
9.31340709939
10.4559107461
10.6637081843
8.1075735954
6.85747364147
10.5930626831
7.88478831875
9.53767323012
9.18276306071
8.74987198687
10.5293694235
12.0713212806
7.74472764222
11.3198053824
11.2772383543
8.18658729882
9.81970186839
9.10660127647
12.4370829446
9.21466663816
11.532141749
8.94794430437
11.5486196715
10.6935378389
11.6584662229
7.60583381343
9.29973191828
9.71652339504
9.44182606749
8.67683686303
9.34436517484
8.21957176719
10.963268394
8.49328416563
10.1207688902
8.87075770255
12.6500862621
12.0094229273
9.73911855145
10.7257878544
8.75045248387
8.58897627653
10.9486416591
10.0434817845
9.77240697212
9.65928346417
8.2715658762
7.47996987225
11.5300930653
9.24700260772
9.67730623931
7.70398612644
8.84796443949
13.1201741571
7.66577812342
9.30996320091
8.48841643777
10.0834452578
11.244133286
7.33725314965
9.57969700155
11.5876485548
9.9708370634
11.2886604907
9.28209966017
11.5516797097
10.4685504832
11.3433356096
11.6897814348
12.3411934707
8.58145326852
10.9000769873
8.83157475815
7.62909634034
11.4124264747
12.3425767853
7.44263468469
10.325722103
7.05335993033
10.7526977758
10.5692896824
9.67363274026
10.3180922677
10.1756823952
11.5292880339
8.19469346767
10.3200905442
8.32274989179
6.7649082981
10.3394777125
12.7613841621
9.41112578368
11.2028358994
12.3418268917
10.6113861522
10.5080644049
9.33603755657
10.3953259282
12.6992124094
8.59787383607
7.91155071196
8.50928134736
9.80385134812
10.2247037741
9.9034226546
12.4121430759
11.6474026659
10.8035940359
11.6643802103
7.43956073831
8.07841330751
10.0330963614
10.6728652181
7.27181931939
9.56021969501
8.45603021216
10.0234210799
7.53426215206
10.4680168773
11.1372383923
9.11987117697
12.2178088685
9.36503938552
10.1209482228
7.37674170803
13.0425256619
7.80037768531
11.1390067534
12.5383579153
7.59596561384
8.45525599068
9.48264483122
10.0030775049
7.50496167774
15.4014557596
9.54455558262
9.38694375872
8.9487381035
10.1286108162
11.2651431627
10.081406559
6.74051681806
11.3953051806
10.603975896
8.56044534798
10.8817101564
7.33211735124
6.24376305741
12.1330916062
9.74705013565
9.87441492649
8.54977375306
8.80154655114
9.46244570998
9.01133541902
11.1796796543
9.80895103025
10.0717668024
8.89778404015
7.03068909949
9.28976993947
10.7080097437
8.09719865938
9.68879495111
8.66403440546
7.91068982495
9.42318582629
9.0345782534
8.86598561487
9.73491977885
7.28088618788
7.41246460085
7.70529630293
9.28054997179
8.4087009325
9.34267134778
9.50775836926
9.34556181306
12.5108858462
9.36908204525
7.06367136183
9.04482454415
9.3816106686
8.74111708154
9.15274486056
10.4500942812
12.4153264424
9.12323107253
12.3663144133
8.83142438653
11.1255022948
10.2388777617
8.97752880543
7.3948389682
8.55858228995
8.14270735853
9.81533614509
12.4199752123
7.90851167092
10.8867346834
8.04037650505
10.2334622837
7.12601091738
8.59746896979
10.7047722088
9.34440798838
8.20973845701
11.072398301
10.9277304805
6.28868255005
8.16036833969
7.13910514954
8.20402370147
7.74988628606
10.4699083499
10.3847520439
9.90397948592
7.94434989257
12.7777741006
11.5198087046
7.71351710155
9.13653935797
10.3857275777
8.81731721768
9.61124575289
9.21004035054
9.45362508192
9.27586421172
9.68307896238
11.5266864464
13.3202913478
7.64264880994
6.41303384551
9.63268377959
10.6411493183
9.10063545956
9.93956872242
11.9973061586
13.1555706544
10.73219353
7.89930235154
10.8039821641
6.51269469819
9.6596742088
7.68978002802
8.37521408976
10.4423033825
9.21593081377
10.638775497
11.0073339
10.8064306449
11.6495590556
7.21435374541
7.85993181216
9.47643841182
7.48090693452
9.58213792706
9.13996176875
8.55057729408
7.835868968
9.53140210525
10.1924413825
10.0527370834
9.7346052762
7.24188920543
7.32070771164
8.1588905204
8.76173336815
10.4917528283
7.77503863812
7.48054376166
8.9451371855
9.39150702513
10.2008464656
9.89758828685
5.86059504839
13.3305022213
8.07458030244
8.68591567115
12.5029879006
10.8436884793
5.65551542375
8.35734797699
11.2807074888
10.0158510365
11.9292293251
7.95330633339
14.2098215697
9.86648015328
9.60647571071
8.51779870375
9.27473220601
11.9962358744
10.024438624
9.30655485626
9.04507006997
8.55960981173
9.76697144047
7.87467955035
9.67114345001
5.20296694565
8.83895889642
12.0454605502
12.9870873947
7.22762629245
11.2957882094
8.2889269792
9.08517743397
6.22771373187
12.6223435707
8.62975721709
9.30967276574
7.56024225569
10.6607761461
8.84341715684
9.8372422213
9.18665244998
9.68334896853
7.72317444408
9.66203768157
7.84344950066
8.20572006347
9.10389345498
7.18950203652
10.396210715
10.3454275671
6.8071107105
7.45210196097
8.11457979031
9.42253836821
11.2556967997
8.03882118831
8.27728389323
10.7196551644
8.57938556832
9.89989605974
8.70932052067
10.2089198657
9.74590231908
9.02624715077
7.62664025545
8.02682510107
10.3687530669
10.3666999019
11.354989172
7.89894101532
11.9120830249
8.51268123839
11.230077908
6.37112041885
10.2407263337
7.59115879027
10.4426680185
9.34802054793
9.4784888635
10.8902033487
9.20977064125
10.4322939056
9.92489366107
9.68445175231
12.2901638018
8.22097177889
10.327756246
7.94648955527
8.68045876313
8.87442615664
8.49640410553
9.59838534897
9.24116172802
10.2140792012
8.15327362669
9.89821135066
8.94541256898
11.2539348274
9.26379993903
7.07393949289
7.92340223498
8.87994082686
12.0146694544
8.48315066882
9.53856029089
10.404095647
8.31004533972
7.55943235025
8.15467726545
6.16053694827
9.01352760054
9.84997994441
9.26377067168
9.83517444404
9.36235191116
6.6422894197
7.91701676065
8.57484981661
10.344428781
10.6485669912
9.76051411665
10.0446868676
7.72720368733
10.7438155263
10.6882525427
8.849523102
10.1601584296
13.6100591476
8.53079142536
9.61001698979
7.21726114597
10.549466247
8.86963821934
11.3393194814
7.08164827271
7.82147632838
13.1232370862
10.8919325725
10.3233505699
10.845617956
8.71212074739
12.2002576094
8.55412765517
10.1809025075
9.08971205588
11.3652371867
8.46906340089
9.80040548111
10.2134639942
6.34262283004
10.0335354959
10.8760286211
7.13409352948
9.07715690343
7.4364659244
11.2764303598
10.1583312296
9.2775542518
8.2333786148
8.0003123934
10.5822368806
9.05644416882
8.43902609713
8.97288144137
7.55256578124
8.63240179612
9.18410156203
6.71222892085
7.53319574352
7.63880146604
9.65511708802
8.7284126086
8.77295208684
9.2108682729
8.62698240193
6.53366871428
7.62631196068
8.93778393734
8.27866114794
5.82376490572
7.43829779238
8.40099830406
10.7430474779
10.1679267367
11.0683824464
8.00668316385
9.70507362694
9.75421255021
11.30996432
8.09711014413
12.4969051139
8.97037187636
8.99549156777
8.59290532498
8.54339085508
11.5305117784
10.0376956401
6.05831637223
12.1234101527
6.89541455584
10.7980279347
10.7771595842
9.74971891837
8.69269163769
10.4632436168
11.2237264217
10.2152610642
10.2588164969
7.44411882379
7.98582517907
7.86410501401
8.26795580741
8.58487842176
7.40776007965
9.84687423266
7.9694057975
9.41259104212
8.19196466023
9.79628876288
8.44972372746
8.50628307835
10.198187983
9.81849857468
11.6213544978
7.78060219194
7.75249590558
10.3927217125
8.04310212738
9.31731925373
12.6783858009
9.04029457974
8.44467251952
4.95232224847
6.50403452823
9.28799299462
7.5678877365
8.14225263958
9.22740399244
5.96742998151
6.85392707682
7.0585678991
8.6331400937
9.61371026144
10.8851830935
7.91305232442
5.7969925182
8.75099083555
6.30045258746
7.53740283207
6.2661506823
7.67217882914
7.88062792384
11.1708485985
10.8964272703
9.09050776635
8.69679584646
9.17106004635
6.80577038496
9.10696625977
10.7971724555
9.49831712677
9.5904354875
9.24373260634
8.4884433892
10.5758290867
8.2529884397
10.0281599406
10.1627538463
11.3278543255
7.54250887844
7.41560633239
11.6355603002
9.27823242418
7.43663766141
8.53757179015
10.3721665588
9.39606132888
10.1319516648
10.0618905416
6.91347430058
9.61890042926
9.18227141622
11.0740258349
8.48315186091
10.5878165062
8.36188284938
10.3855742627
9.66906186546
10.5394663312
9.29751207695
8.21790868374
9.54152602324
8.9031328986
9.1712488047
8.45038898801
9.00302720264
7.85211357438
9.79921646003
9.04170592131
8.35249267003
6.80644192468
9.07592251214
13.7989198419
7.84466020763
8.37190716358
12.501343909
7.89532024458
9.08037785
6.14682943532
6.67282174606
8.5125954191
8.38538742732
7.68773605383
10.447060164
8.63455330359
8.83008780063
9.12150592276
8.52584623884
9.73014286181
6.97786194639
8.32339000178
8.86269361462
7.87844698625
8.32790290007
11.0557604482
10.0588242903
7.58354363282
10.0305143214
10.8569246097
10.9345579948
7.28019680587
8.74642964024
8.02432470485
8.53323072899
8.61926735791
10.2325439201
6.43118771989
8.62977770995
7.89225315684
8.10423693966
9.05320609687
8.70496907169
10.3372294461
10.7574089307
8.61245455569
9.04564143075
7.62971274115
10.5172671853
9.0217089187
9.47705292202
8.2058721992
9.50146721753
9.48090407626
10.0670817221
7.47693162908
6.28388091585
9.24386015743
6.53078595712
11.8945403858
8.02732696105
6.61104088615
8.47739741227
8.34383238542
7.74016409673
10.6336414615
7.63923327121
6.63221003775
8.62379712434
10.1228621181
6.82519374279
8.13330408014
7.12306161821
9.65888410142
8.49479121015
10.0862117806
9.10735897233
8.82870660765
7.90832881179
9.02465128767
10.7608708379
8.7373788603
9.03990509158
9.05805884358
9.24989523867
8.51252622678
7.9975864031
9.72179982827
10.4632956114
12.6599068825
5.95345775567
8.1605157264
10.5997712901
5.04543245008
7.91412638875
8.53331967605
7.79562545326
8.51609093268
9.139911842
8.87579516017
11.1554277656
7.49150011923
9.2153282321
8.75707887485
7.12227067561
7.02283394072
7.65707598138
9.45616720408
10.2808228107
12.9000836182
8.636656441
9.9253009409
7.06137394175
7.93844746043
6.32812824015
6.14302090433
7.73592095337
9.44338768186
9.15636780658
10.4244806658
9.7027403757
8.39525952693
6.54280880345
7.07848110327
7.99824744312
9.46762335794
10.3123655068
10.720862763
8.59793369727
8.62227167484
9.74991862233
8.44181364498
10.0543753502
10.012135037
11.2910893847
9.29683259826
7.90338234973
8.16708373823
9.60941891091
6.59777827633
9.2317417875
8.43756779691
8.32202166743
10.5963904109
8.07412824763
8.93527621828
8.67630505762
8.45739974372
5.84436756661
9.51335688796
9.30874990683
8.67121478072
7.93150647481
9.94612800633
7.06407364486
9.48184656986
7.8395732777
8.45410147089
6.75930059533
9.07735529097
5.23390397936
13.3258395432
6.84399933565
6.68841217736
8.36587286685
7.50634496156
8.90304676798
8.00846938089
8.33205758817
9.93863919653
9.22961264982
9.11250739724
6.60474194498
8.39188249156
10.4295059267
8.81926764486
9.04859728154
7.10718235831
7.96266373602
10.9213694303
7.90493767248
5.91669601614
9.48321816349
9.80904379521
9.43280469931
10.4307311487
7.83056496282
7.83746037879
6.95119522093
7.80668240552
8.84093157254
8.79195169487
8.34943122855
8.73171420474
8.18467271366
8.89728530758
8.69473516307
6.28025110203
6.65837969337
7.56794739147
9.93597529741
7.28219101883
8.23495444479
8.53424225705
10.1873668913
9.38577383504
9.04327498105
8.71940529561
8.99881407141
8.5309976389
8.73357813958
10.4087844705
8.74119066571
8.62120016732
9.86880269863
8.69759781674
8.5646052769
10.1349510323
9.11802280379
11.628831656
6.99527709963
8.1149504117
9.09615023224
8.58581815528
7.98652349054
5.81408672397
9.28292957945
8.44313513168
9.10308442078
8.28922380621
12.2796730558
7.22902932768
9.41629356562
7.55335511279
7.75473443421
9.94864327345
9.67085266816
9.52706732838
10.9469688803
7.69452514325
6.31919152308
8.32489973717
8.51219585523
9.17931601637
7.96765916852
8.18491782623
10.2911932383
9.32225449057
9.1916971998
9.66119068423
10.0906646372
9.60649029191
8.93716304116
9.50227355076
10.7660270742
5.53282453006
8.70813724515
7.54605236784
7.70683925743
8.79386496221
10.5406602273
10.1432555711
7.14798125286
9.74138353617
9.50525966435
8.20710653169
8.86828811982
8.73309188117
7.96274292768
9.42550240191
11.0091196517
8.2568929025
9.25727285762
8.32638489436
10.5444675807
8.41103655227
10.5075744928
8.08354817914
9.4026438469
9.5046577527
7.93012109072
8.37232956259
8.06816156711
9.66631178179
9.23115380702
8.96024995205
6.04656425279
9.15190482187
7.73493661472
9.12648514516
9.38661675619
6.32624711464
9.92965361405
5.4178048989
9.6324737224
6.59380668045
7.95134601211
8.38840564796
8.97620595068
8.04544944789
9.63503605431
8.61572053064
9.69350600464
9.34497923899
10.1525403229
8.71697730568
8.19677295814
9.33955465125
7.7556350388
8.85261669961
8.98568222272
8.28994155993
15.5116207191
10.7067122129
8.38188564071
7.77236015573
7.30063929059
7.70557713098
8.60862247729
9.39981234363
10.8852606543
9.94616667708
6.77793980902
6.79198886859
6.60379991633
8.97306370774
7.35849266366
9.00340019783
7.44185131651
7.85119903229
6.83908599451
13.1310531522
8.75657353497
8.51113084351
7.37421468468
6.64050581802
9.07797993859
10.593684854
9.35738287505
6.19608852192
9.17117394067
8.2152273625
8.58622841448
8.39425005065
12.0795471036
8.74695258937
9.36561533081
8.80162177614
9.80211215857
8.03002332108
8.24090572598
7.41728904115
8.71804816512
6.39544816385
9.23230920467
7.87589337809
7.18157988934
9.17062962791
7.51148362707
9.59343109594
8.39332740781
5.66556470533
9.82621367861
7.47818996276
9.78771706515
10.3021830035
7.43345147219
8.39092680656
11.5595798197
8.55809864268
8.44608367377
9.6532464707
8.1348388474
8.1859845645
9.10109215557
9.09136939323
6.09589245859
12.6420887368
8.02711973654
8.35765210318
10.6827346453
6.98232572653
9.12532055079
6.50311176754
7.63873078431
9.34574052872
10.8414130833
6.48251395221
8.19288504273
9.69732970506
8.46743971296
7.73101939155
7.52470647881
7.41889044318
7.33290102432
7.96275073085
11.4032661417
8.65003279048
6.8987973352
12.0706077695
8.40567453844
8.32975444388
8.82564565471
8.28755665678
8.90981213275
10.7191651123
7.37524221017
10.0841987247
8.57729784913
10.2135545347
10.3256265838
7.90743358959
8.10365782635
9.75868999803
8.56777781449
9.81695031005
6.53424844627
10.7984577361
7.88126844976
7.53900561653
7.80684488591
10.8317456292
7.84104724368
8.18448305995
7.58924029668
5.46146720909
9.08860650258
8.9363621256
8.67399298769
7.85408775255
8.95082489856
10.0452533587
9.67785160994
11.6890345401
7.44935003626
12.1235674854
6.45578867905
9.98550713172
11.0194995839
8.70148051543
9.93163093063
9.58110323861
7.73243043729
8.45928713243
9.46231785169
10.4656775345
7.28039634792
6.52392336996
7.11691882148
9.75294262168
9.78942443178
7.52061700887
9.37683838572
5.76454777112
9.15025089757
7.12313245233
8.18651781947
11.5627333098
7.39280321618
9.17972806904
10.754655193
7.68476907108
8.51818820483
8.88364588009
9.56294733809
9.06824506619
8.50112287568
9.56168905864
7.51695996224
9.04539432396
8.76877916294
9.42182578626
12.4622953344
8.24983231494
7.76302785857
5.69079916416
10.2390024436
6.88994616679
8.68303857872
8.58021287672
6.82258366244
9.02244480395
8.39524175006
7.03041171219
8.81909094926
8.74552008345
7.33315193388
8.78453388247
7.86496191511
8.80837250691
8.34884874058
8.27753739852
8.03769983505
9.1907467813
11.7406955851
6.20887489332
8.82225840967
8.65615011253
7.91940405102
6.0864746784
9.94807735267
6.28428615787
8.25675580157
7.9690674943
10.2071263874
9.02008545605
10.7366291239
9.84230939155
7.76133101538
11.3373863091
5.86657596718
9.03998964508
7.85589356738
7.91611043914
5.36929566242
8.01801139328
8.19962127064
8.89035158735
11.9485444726
7.77618830373
6.18503480878
7.98916894432
8.27459957522
8.32980888991
8.17919679376
8.00714285134
10.0430544435
7.0326989743
8.56492124456
8.50448564297
9.68122014632
7.4590792027
7.66660221481
9.07632377395
8.23249048138
8.62623378221
7.46913750765
6.18339145524
8.46051877456
8.24941828099
7.75038790563
8.3332246428
10.9099149684
9.61706636008
8.35232848145
9.21974591059
10.6105677827
10.8613897137
8.99196664744
6.51464941291
9.64785401429
9.16264511657
8.97366010722
9.4900341016
7.54532425131
8.80039924171
11.2902111484
7.08338990898
7.82801756068
6.48886853059
12.7448686457
7.47683058072
8.8660968586
7.73314710483
8.97363346453
6.38415163057
10.028065565
7.0800214071
10.0978043752
8.66529528681
7.99672577135
9.83207387076
8.47821861521
8.2684801114
8.97804405792
8.86864763779
11.5569452359
6.31560486714
9.12166113702
9.09346184077
7.4991671223
9.23071685421
8.03791593973
8.45507915767
8.71622815487
10.7177015395
7.28625408111
8.51020298507
11.7926022299
8.96734716311
8.26309104013
8.2052778953
7.9514122012
8.48647985076
8.30513714703
9.53818953733
5.32469679005
7.80888088733
7.74576071195
8.24677824514
8.04989816209
7.9053701814
9.45152728203
8.23247838285
7.99891130034
7.04181861287
8.34494191307
7.0883381029
8.58360343098
8.59701542255
10.1113977744
10.4148890806
8.62507358259
7.84971171887
9.02459387198
6.03669897076
7.93882206641
8.08324300453
7.33194524511
8.5778076396
6.81113928618
8.38286360891
8.91716639433
8.65203645669
6.26377197045
8.16528061405
5.69926305266
8.36316699414
7.72297555251
12.2309265751
8.54676383064
7.69926680765
6.88910926726
9.848571879
7.45803632816
6.86007303684
7.45564511519
7.34142051655
8.38747014617
7.95844317383
8.94337184417
7.52971227664
7.19203996989
13.6365346279
9.23700333623
7.27294435453
7.38842067956
7.30903898904
7.83092418818
7.59970533505
9.08180839069
7.07343962879
7.34397065302
9.64716932419
7.19609806682
9.18798203365
8.16789871321
9.37627568719
7.33486845393
6.40873189197
7.45752043895
8.72425153394
8.59242631177
8.676334704
7.80834179835
8.70802254715
7.14879438591
8.80161308314
9.49898408448
8.25770305794
9.05449918242
7.3784424324
8.07579210632
10.6914010738
8.54161648007
7.36554310706
5.41194096828
10.4367195515
6.62229281437
10.5623134055
8.9900060775
6.73049463967
7.53500171751
9.73261417934
10.3396806682
8.36774565749
10.3739732486
9.32553349379
8.79434797583
6.79040434764
8.84468836267
7.41632221557
9.1693351687
8.97083159164
10.868897569
7.62219905586
8.6740597397
7.29013834765
5.88296060294
8.55786678915
5.55589436844
7.68970937328
8.52894926305
9.24878198379
5.33313724301
10.9422910107
9.16711329818
8.55013134237
8.92565559364
10.6171666206
8.09832735611
7.69897184668
7.5824082286
7.66676097939
7.82613886209
10.667254815
8.84279619307
8.63668029991
8.61382883285
8.95458863521
7.78091653159
7.20178982947
8.4326159836
7.8518589465
8.70859029036
8.64913273221
7.36705072738
9.5412332738
7.90359545605
7.99628492423
9.35364486134
8.39588182729
9.28427865326
8.72675380166
7.97838204234
8.71416070868
11.973253672
7.76892496834
9.7475008222
10.7801377904
6.94408985735
10.5509095053
7.3452654319
10.6112224377
5.50637430609
7.78825578262
8.75612335379
6.42039300052
8.88023333858
8.35647347316
6.42202803179
11.227275363
9.65597977647
8.56099140185
7.01329871621
7.64562792302
5.86109869277
7.5032937348
9.02511005855
7.22628173105
7.54667016476
8.68424779821
8.91026995806
5.72235447225
8.67466055432
5.35849258929
7.18592810775
7.59780852608
7.43188919147
8.53138205869
8.47794529391
8.73436368746
6.98793696696
10.8207331729
9.87837252198
7.49833355653
6.52947660549
9.27976009536
7.08918122164
5.58851785766
8.8475485844
6.29186780223
6.61753922312
9.23445299305
8.05704046868
7.76180459885
8.39718549782
7.98723157986
6.02556892878
7.64538933934
8.97367035328
6.81478982243
7.26684152005
7.00963246604
8.39884430284
6.65709306326
7.58979337466
9.09728199144
7.85972033501
8.84496995153
9.29502118917
7.51558956555
7.70267410365
8.18545837374
9.66392850234
7.06894876248
7.76017791046
6.97479235427
7.59597211237
6.70213408175
7.79524903153
5.99104805762
7.60701270379
8.33899434729
7.15470647302
8.81728148457
10.7755467712
7.27644249405
7.61335292254
6.91853796834
9.92452204658
7.74148962464
9.22291037112
7.84740569969
9.74272148704
7.57037187471
5.84231239954
9.20248073218
6.6013648232
8.00845229077
5.74728503864
6.53846225247
7.02303518016
8.7115834951
7.80844825758
7.49708514953
8.96304345688
9.58328772275
6.85265548737
8.23897395567
8.81124821865
9.06257782767
10.487265289
8.60795539605
8.51458243641
9.3179125865
10.9790678852
8.48900149034
7.44962708317
7.50652216531
8.37092603961
9.73122948755
9.21695237735
6.93971074047
7.87116896332
8.67023741881
10.5944239003
9.41276071031
8.64682269285
7.55620180874
14.8402345357
8.92770105986
7.52887111183
9.74397911266
7.6676311277
8.28227448453
7.73629227946
8.2348424044
8.77686514031
7.36584520158
6.27431201923
7.70810358329
5.84167135347
12.2332499291
7.64465457294
7.2003323778
8.7744369205
6.667889301
7.16061710307
8.03108774831
8.19478809305
6.61037593938
8.14305038272
7.86125678113
6.71186904249
7.18042579567
6.90570636323
7.44695299666
7.25337884998
8.14831056662
8.44835508984
9.28747167719
7.89724615553
7.93449010826
6.56994311207
7.58863931919
9.87947671747
7.30346849463
9.06436679569
8.38076236372
7.01269378883
6.19923326104
9.22591454778
7.80701001732
7.71764013653
11.0034815095
7.30784251576
8.44399499644
7.88483825756
8.37143471054
6.48833219977
7.1029825978
10.982362421
8.17595685926
8.93740652764
7.53712807056
8.7534450255
6.33646693309
7.68301657958
7.27447661626
8.14656466365
7.18834705129
7.75559032169
6.90689674957
8.03971370835
8.37861119359
7.41373529369
12.7094577859
7.52177558526
10.4193735717
8.01924305466
8.51460090287
8.74157000699
7.56772676286
8.17206253896
8.58076517136
7.93280293767
7.58491843722
7.98321292436
8.37113182372
8.47265303647
10.2598739634
9.23516969589
7.09448379342
8.97413468374
7.10271080681
8.62606239014
7.71504527646
7.86620464376
10.273290412
8.12720318236
7.83134948491
9.6744905802
8.94166691148
7.22715000828
7.50325733149
9.02587416086
8.06106041609
7.52140200835
7.91233032746
10.8955106807
9.07260486892
9.32761889686
6.93051944886
8.27498332183
8.05436707242
8.19500856253
6.64553442211
7.89170350747
11.1412158899
9.11160088156
7.63582220898
6.74109838131
7.72902627714
7.46131469253
8.61846751259
8.42317240691
9.87538697495
8.02422722244
9.03735185465
8.18937120457
10.8624250415
8.31438987339
4.88147020468
8.16309356062
9.67323182597
9.36665508844
6.73245871883
7.38185176154
8.04090508162
6.80352597152
8.50840498844
7.14517430942
7.41554945175
8.53260323844
8.86605071332
11.1300719436
9.08858088552
7.9917775078
10.0382375451
8.00194107906
7.02913946368
7.34140845352
8.09088668253
7.00646372446
8.27943714561
7.19259786187
7.16815525895
8.3963054024
8.19876775457
8.49927467137
7.82955413871
11.9903639124
8.55223216508
6.92808543368
7.64032129376
7.40141413175
7.23357771616
9.77320527211
7.56860830639
8.3296330031
8.47265149534
10.0994801609
7.48091416121
8.49723467512
7.64768462657
9.785075227
8.03900361368
5.78695008472
11.5778368999
7.17187408765
8.93237747987
9.81695408397
6.96147485469
7.20779548201
7.59508462262
7.69879645262
8.43199836315
6.22249352395
7.97133694095
6.4675654185
7.99332396912
8.93423927306
7.27158635627
8.11935877092
8.65086342814
6.29360737798
8.43824102193
5.40817543467
7.0921056484
10.1117129068
7.40524020363
9.86039416633
7.40162913791
6.61903595603
7.4576523614
7.60436001936
8.15093412879
8.73621163395
7.34356200976
7.7885056424
6.27438226915
9.20113504517
10.5663909709
8.27594861522
7.87299219221
7.10015311106
6.70379832837
7.00829726739
11.8614225787
6.38506863307
8.71330892412
9.50529140273
8.9943449275
7.89929817071
11.7997393038
9.01693069898
9.78209987862
11.4387991766
6.26042744997
9.56277327983
9.77528614328
7.70919637411
7.89742939067
9.65070056821
10.8354792414
10.2220219421
8.29342057193
7.91371289143
6.56439623423
12.2375162615
10.0651347397
10.3228395025
7.17834886933
7.22116849434
9.14480052584
8.53870450218
7.04053631619
6.80002611583
7.56160833485
8.69897001107
6.10297664633
7.72732355308
9.0671161014
6.75694787117
8.26693301456
7.48488922693
6.49860540891
9.35121203288
7.18728100619
8.15442235044
9.43799262225
7.437242378
10.1208008598
7.17936343666
10.5536200799
8.43645159081
7.65240803178
7.60725536618
7.0310690967
8.32763584996
8.00528696542
8.79263036482
7.35634714043
9.95329827373
7.05267393944
9.15671289816
7.08246237472
7.61608896748
7.40718441138
8.74074624947
6.0689166873
5.52476273157
7.13125622551
5.18471179032
6.44695659502
8.27480671622
8.97802642817
8.81111791131
6.77870049364
6.89871380544
7.14950269983
7.52478411393
10.3349865425
7.76830766722
7.97973586719
7.44821884354
11.4161335276
9.65562315777
7.89782755429
9.44045935563
7.68061645154
6.74240923511
7.76119642665
8.85220976084
8.06635687586
8.22889978975
8.51280518516
7.31173545483
7.03866354666
9.19772353301
7.17541400985
7.41568812416
7.54228249767
6.08694490476
8.21972131245
7.83295448567
8.84242990533
9.51114943083
6.85769020473
7.91148482376
8.09121194187
6.89966738362
8.99495883942
8.74329804373
8.65489751294
7.81204525663
8.33146729775
7.83926392051
9.47524250152
6.76420179733
8.02364382346
8.25191917169
8.76079053601
8.43955935634
7.86150537521
10.4392149326
7.52621974537
7.94844859545
9.01867263726
7.28900549702
8.26802596106
8.53147364411
8.2458473622
7.88983517665
10.4942834968
8.73642579686
7.86835067705
8.27952298595
8.91115399192
7.14267579021
6.42218925806
7.769532178
8.66175359713
8.70231321403
8.69249120078
7.07123683445
7.6580741003
8.8922764817
9.30454646722
7.63324728028
6.66957883418
8.19607798729
8.08812201047
7.83918904582
10.7544150506
7.59708054443
8.09489665204
8.48113205937
7.96114889769
7.05653295907
9.77013567868
7.2367880698
9.30269355283
8.35021997516
6.17510677574
7.63142005033
8.94046049456
8.93348278896
6.50953589327
7.7978103629
6.16198321678
7.04517214128
7.02106067159
10.2039732454
7.40699759606
7.76692184129
7.48885976732
8.22432641675
6.48939570188
6.1443119388
10.1451745444
7.46668162327
8.92874258747
8.34214822316
8.88383449681
9.83158423713
7.56374412027
7.89190311137
10.6585293976
9.64725671745
4.71647342161
8.59507037689
8.43515651346
5.04815088568
7.41976633885
6.21633500936
8.24568075931
8.66980894342
6.82176950532
6.50869058356
7.7912101792
7.77879556268
5.44591225536
7.34270276912
8.46697414005
8.36261646418
8.43931560739
10.2103135799
8.0548803938
6.70230740505
6.93643191181
7.41381741092
7.05865576695
8.15361172091
7.48156323775
7.98213403111
7.76632290182
6.59049750438
7.26154628427
7.44358444036
6.58863861906
6.42510512678
7.40034279721
8.48812588173
9.21814554929
6.76905187103
10.2137351479
11.6136673877
10.3872352331
7.21410464514
7.98122712131
7.35103164073
7.76908103327
8.68297760214
7.26477589803
8.79710307631
7.96895977431
8.18254428869
7.90969240111
9.72468451115
7.34973286678
8.47970729021
6.84297188818
9.3990028718
8.6528021028
5.26716334091
8.12662507715
7.93574537819
7.00348393815
8.28183462891
7.84256380007
9.55833677665
6.62740622442
10.7359045505
8.51997930025
9.00436361794
7.21130512092
7.59421050358
7.25297946328
8.53943527623
9.68022967848
7.36259915684
8.68059687477
8.00789663616
7.29372296823
8.67555355231
5.82601995811
7.9060070265
9.28604065169
5.18322394959
10.2449290827
7.59985011013
7.94236188531
9.75965813404
5.98068878572
12.2906752539
8.45468991717
7.80768331302
6.78956867802
7.84865397967
10.8606623637
7.25978945624
7.42570763982
7.53834981029
7.31924420172
8.76298415346
8.23397193325
7.12275365271
6.30520270261
9.48869113215
7.45158656318
7.00793461444
7.7579983017
7.21023395192
8.10075680721
7.47859502629
9.63778597065
9.23562902749
9.99332105843
8.02651848832
8.07836566285
8.51201147158
12.9047667627
7.61161552414
6.52239472211
6.77787948415
5.6905571488
8.71294366029
8.89485445196
7.94017746306
7.5597368311
7.76470726158
7.13428996714
10.3166437492
10.5059475717
10.4116043106
8.17060487854
7.86881918894
11.0544940349
8.30728858877
8.63032797487
7.3294552308
9.44794388151
8.73644009356
8.44201171652
5.73503643828
7.2057934483
7.21564354773
9.01176265894
7.37197687063
7.18453375702
10.8090084498
9.67939081317
8.45799231645
9.69310318474
7.64749930872
9.59542966002
7.1748524986
6.24619221024
7.37473814611
10.116725919
7.22810247497
8.56329659164
6.76903988961
11.114238878
9.5206077918
6.52669739812
7.51540007375
9.77931886858
7.04409185416
7.66501513078
7.91387063917
7.9102260604
7.43550814631
8.24438310509
10.3354341165
7.58600941132
8.41321806242
7.62018599986
8.61288181521
7.21547085034
7.00527538311
7.84775732392
7.54436412425
9.30874550703
10.7412893671
8.14691762136
8.07485842235
7.10328033225
8.69339634209
8.01440521452
6.23746044693
7.5448230981
7.06432711738
7.09276719309
7.79429566797
5.52429245184
7.92103901349
9.90769844424
8.28110238368
7.18251961522
7.07289317883
7.661173519
8.27718590841
7.18773215003
7.28805260686
8.99591421514
6.27716698732
9.53237516052
9.23855162501
7.91560625271
6.15061135497
6.82440074237
7.70516366957
4.83103270907
8.61307276841
9.13375359722
8.02152927063
7.77963527178
7.99594192795
6.14397881211
6.35067760923
5.53931789735
7.0314980374
6.86810585923
11.3848851803
9.46104830005
8.11006379717
7.51546030877
7.47973125595
8.23373542587
7.83150356937
6.88643377326
7.56888250699
7.50758732571
8.21093112291
8.51329730038
8.30640844896
7.25633683574
7.94797585805
7.38784082993
6.35307567834
7.58500599681
6.76385312444
7.63996805583
9.33652299391
8.50505774314
9.0050711994
7.94088813528
7.07598439939
7.0992572502
7.06765721675
7.70529752078
7.23709776103
8.01922294782
8.02726086846
7.27532894355
7.14465177839
6.6317386365
7.94825973254
7.24037603541
9.31183922154
8.09037376876
6.92314922279
8.18416983128
6.8874696867
6.70014358072
7.62816866104
9.18717673276
8.53887643686
7.66077852697
8.8765099227
6.89800079149
7.96340239627
8.95843231575
8.00624478304
7.47077500829
7.3898555977
6.93421385345
7.34470399918
6.02910724071
7.15329815551
9.19395469
7.43972203319
7.5491678499
8.974790168
7.77125793857
7.80582766567
8.50051747796
7.76243092926
5.97280864249
5.99289390014
8.34789115144
6.40763073205
6.52675449168
9.63029970402
9.40329150167
7.29716736112
12.5534092725
10.3008263279
6.78510099694
6.15859318848
9.32334428645
8.12497680131
7.25187195766
7.67066968589
7.43011037431
5.9664960269
7.76864998899
7.53730929029
7.62995076583
7.87301267201
7.23177487131
8.28589873385
7.17912228407
11.0895371768
7.30822708814
7.29957417579
6.90528745987
6.61529192466
7.01742075118
7.04949431699
5.90569231694
6.08498412251
5.68857092512
5.39274874924
5.96669644515
7.13408599997
6.52259214739
5.41146409254
5.60849480463
7.74897599696
6.67631071386
8.16368150717
5.81126120797
6.12328947141
8.34028225446
6.54830587659
7.32981976341
7.65667897888
8.4394175548
7.87393607097
6.67861423307
6.58992340118
8.40987397492
8.5872850192
9.50137306338
6.43677682268
8.36772095185
6.22518963083
6.80786857818
5.18348522033
10.0208904094
9.82940972276
8.94739526444
7.22002085756
8.27925359093
7.60260191462
7.38626739464
8.32979165955
5.3641852459
7.74299419466
7.32143437892
6.04550925482
6.72125969828
9.05697843911
8.04482718173
10.6689717649
8.06176986637
7.26025961579
8.35360051047
8.3717413652
7.31662964966
5.67344295571
5.80202842368
6.74312892566
7.95357824578
8.88602332841
7.42723277972
7.99975386439
8.43125042051
9.72204969924
6.64118088607
7.80760416414
7.55898604253
7.15366075764
8.16893863018
6.59898717189
7.31291729019
8.45710175324
9.7461122996
7.47567163223
5.93436710013
7.89566823194
8.29850968642
7.68419655138
6.14235439244
8.30096288306
8.51814808164
8.44012929031
7.62802419735
11.0184955347
6.42607456318
7.00776557876
7.63962957296
7.75591820322
6.54590269347
7.85747413125
6.82116855556
6.92447939459
6.4983908806
12.4211673747
8.10053796092
7.79605961319
10.0755864944
6.70483683935
7.67187740874
10.2589831753
7.92398451041
8.37824367588
10.0443123326
7.68453747777
7.31413339124
6.58954395874
7.0145845554
6.37156041186
5.90363321053
7.7459151487
5.87293976685
7.25301826379
6.41521253783
9.19495192065
9.73409361305
7.33796220017
8.00485812125
7.82369942539
8.69656136885
8.36288527302
6.55956078971
10.3823738733
7.33981315892
7.03732772253
6.08568092686
6.68354988595
8.27070625121
7.48440879872
7.92715405909
7.20623345822
5.88843321838
6.67768289943
13.4193271837
7.1541392818
7.14398488762
7.80908257682
8.38307487353
8.30983256492
8.94412460432
6.55784750855
7.25877752783
7.80479922467
8.68916510991
7.85719348649
8.07179205439
8.49956230754
6.66282985962
9.54843592076
6.90006789565
7.90028983133
7.58295314303
7.36311191549
7.79063198108
7.91911165247
7.515291233
8.53098617257
7.22716385763
5.98530910312
8.0159419189
7.44153006024
7.62271067798
6.90064127597
7.7868337008
7.74637904733
5.69150227172
7.94700942791
8.32395015054
5.8834240731
10.4746083654
7.33172240722
7.40284065609
7.47218215157
7.64744924479
7.09347001402
7.85285195179
8.0051185964
8.35034389739
8.67564388917
7.60066203821
8.53627947152
7.47848929779
5.76816572449
6.79918210958
7.90739299878
8.87470066656
8.28566434197
11.5699776103
8.61471680011
8.97962677278
7.81037802113
8.33742877258
8.13867826173
9.05605863626
10.2351257806
10.8202480099
7.33529387846
7.38113657724
6.86231240712
8.23831190351
8.56993575138
9.51288313367
8.8154506048
13.1902833918
6.11305868163
6.99277900266
8.17236077719
10.2338906898
7.23381681079
7.66794082722
7.34029743585
6.92066465884
7.02512268096
7.3792949191
6.15120956316
7.26276707192
9.41776817524
7.93719161527
5.11626496327
8.2096929938
7.23415228144
6.28839018746
4.666793835
8.69085611285
7.32772173892
8.81015774681
8.80006835268
8.66934078343
12.0026361347
10.5157118703
8.30489354581
9.7639661572
7.24783637141
8.1402018291
7.19918377944
9.85933214778
7.87939643959
5.41545081304
6.5632263573
7.77107908619
9.10282703176
10.4617742688
11.9273540765
6.7592566767
7.8942198425
6.59228408168
7.73454324511
6.18701858309
8.51793351261
8.78767429735
7.67792092876
7.23767419824
6.85664974275
8.74729693201
8.24259471868
8.34352151671
6.15504698794
6.5353460391
8.3687918038
8.77362812072
7.25505077922
7.32105220331
7.6143375246
7.27177775677
7.62017393767
6.99404892444
8.53848023886
8.02790716195
8.70052110901
8.2928864296
7.12129517512
8.36684798082
6.32974550089
7.90947227546
7.25956249582
8.98241328763
10.5018658398
6.68949386685
8.09944211902
7.75339316137
8.34542117141
8.78702762092
8.22528490622
7.56393204805
7.07610571454
7.37057934806
9.18413004196
7.30628735064
7.6831622152
7.19694207483
7.97468081401
11.3117913705
9.07997825357
6.89211053457
6.33764969061
8.06135524387
6.58484245268
8.17832567671
7.70847683727
7.98686017312
6.36201828598
7.53476715162
7.27164641513
8.90547463145
7.18732260873
8.33960610066
8.57939928461
8.22744720418
9.52236378673
5.81500830749
7.04405187592
7.79708659588
7.2701170291
7.07689210593
8.83114951136
6.13356492667
7.4504662138
7.45045921636
7.6640970747
6.96330255409
7.87142608493
10.5064177254
11.0556949351
8.72281910054
10.3291493846
7.74903573731
7.46759114602
7.57190257685
6.54875103995
11.7925981941
8.67956872634
7.31514675023
9.22231472702
7.65181698621
7.91316116402
6.86365191236
7.67122569541
5.91084744506
9.52113468007
6.5954625387
8.14147973102
8.16387302674
7.95746694071
7.2584369812
6.91782972098
6.21925008311
6.50023388113
6.37030801039
6.88911782432
6.86824600456
6.4572500111
7.05065202262
6.73900090818
8.11595593894
7.5401666046
6.94155358346
7.82612010156
7.17407256367
7.22157849565
7.76835676138
8.77388476411
7.66419014988
6.41205073089
7.01079977117
10.5635037489
7.86682464671
11.0254062357
5.94039051784
8.29133741141
7.11797109508
6.26121336589
7.83207053327
7.98417608945
6.33494744773
7.64823144008
7.83436667629
8.63017123619
10.5171676377
6.89400436759
8.45094943228
7.49991466785
7.36248738871
10.8360643168
6.82495485735
8.1508947801
6.29208936788
8.12372242052
7.23633724121
7.34433242082
7.34148678199
6.87460247421
6.95764853171
7.63279050883
7.87351918532
5.68458556798
8.43395902159
6.82116606441
9.29306799772
6.67148328305
8.27037043057
5.87819851124
8.80163203532
6.53464626553
9.01264886909
9.12506161832
7.77711375279
7.16830190697
7.19605695948
7.22437312573
9.00946449003
7.63859337605
6.32056816581
11.6263880351
6.59009483874
6.63641992681
7.53610423659
5.77057887927
9.31531544538
7.12499567109
6.8646284029
8.79862661513
7.36133585722
7.10636094545
7.25514490251
8.04181442361
6.83031086304
7.71590341291
8.42751476973
6.94046898511
7.73224562541
6.89358727133
8.19993606859
8.05355870224
8.40190044256
7.73392278279
8.06497728971
7.49771375512
7.37675502975
7.34490694016
8.44145333263
7.64857900005
6.91799399589
7.24872176145
7.20277876506
8.0468038611
9.44742809487
8.40863034279
7.40119881073
7.9257350774
8.84922982873
10.2493696475
6.94786686477
6.71037407329
7.55951116726
8.28202708413
6.83918952243
8.4945832353
7.82937590181
5.88703837681
6.49905556801
8.27188920705
6.98335883556
6.56410002281
7.78459219896
7.05506041948
6.89533776451
7.64167191205
7.6578574153
7.81054317085
7.03589446681
10.3775490363
7.68979542554
7.58486665654
7.56556468261
6.41363880343
10.3174530402
8.86787796798
7.62173329751
7.51477719207
7.25498523888
5.68893680544
7.90310750159
7.55859762906
6.73919699865
8.63349997395
8.42827427059
8.54286457121
7.55365311224
7.16097681066
7.72969434394
7.33759578812
6.01315848966
6.40041369016
11.3506489995
8.04627159279
5.76525451146
8.54159310596
8.24839022939
8.24155951729
6.37347977009
10.5850459387
7.33340785442
6.0705737492
6.69029346254
8.43352081715
7.9086941543
6.74438038182
7.97099045883
6.46343178508
8.16807464202
6.3342781613
6.38515844232
6.14544031048
7.32782044031
7.81408607384
7.23697177079
8.98504078133
6.60061023594
13.1998620978
6.07546224592
6.62346735717
8.13986864089
5.70939640229
8.00399469252
8.19380832326
8.48677326068
7.26975164058
6.83246622634
7.90809491499
7.67617953638
7.17173839986
7.0459409064
7.47671129503
6.98476714826
8.43611278711
7.41136567989
6.42248159947
6.80883563508
10.070657576
6.84424527325
6.84747789065
9.40458029657
8.59488203328
7.41549728206
7.13902044667
7.31599708235
7.63592759569
6.07114718828
7.98736945462
5.63919144291
10.7768566348
7.03738774931
8.2550242429
6.98669767758
7.20493697895
9.35111031904
7.66566013325
8.35454274974
6.07116979601
6.35329078766
7.12933609057
7.23028532452
9.88285289894
4.92769453019
8.74879332029
7.01233390209
7.77174270341
7.80166113131
6.9092331609
11.2142861945
8.86820346792
7.75599718683
6.91235144307
7.33856579307
6.54613380828
9.23500482124
5.75138341819
6.07596697211
7.49410622202
6.90278915526
7.66604379518
8.82007398679
7.01946100874
8.26192558955
7.38417547514
8.0296845271
8.2747694009
5.95611447767
8.48755359741
6.64883036972
7.90361872905
7.92110684795
7.12868359135
7.43054817057
10.4497857902
7.99759846837
7.65115657382
7.16432561763
9.1188475766
6.10524980647
7.99956926378
8.02923742671
7.58088929724
7.00002861046
7.19142186439
9.41270459791
8.57691950313
6.23719837725
10.6867527285
6.70592347307
6.48655077222
7.10932949535
8.31259868403
6.7910353944
7.17773050785
6.54902293687
8.51095223567
6.82771390155
7.34128175057
7.98383402999
6.67871985782
8.33043320033
7.94547597292
8.17075596683
11.1298170858
8.26896756021
7.87892257843
7.0580711957
7.29916218836
7.24946830081
6.33722927661
7.97392708966
7.58161630636
9.71173711785
7.36539683465
7.95997506466
8.50428021651
7.12570629741
7.43651274061
8.36793748852
9.02653441776
7.26948547472
10.0394513191
6.93019533512
7.38235928412
9.52879808355
8.89365564007
6.8174247111
6.16742745936
6.73329319043
6.98502545351
7.35993579115
6.62535514942
7.53216096592
8.3149251917
8.05782244714
5.93921099586
6.32336885776
6.26439537446
10.2550247539
7.57199643184
7.27030157954
7.51627009422
8.89879256394
8.07732073197
8.4420056267
9.19097554635
7.43498231237
7.51550145502
8.13433486208
8.94965172164
7.73839494371
8.25699748789
10.1413707041
6.58448510271
6.57118167876
8.38870433406
7.37402573456
6.63901311044
6.70485964248
7.13587254808
8.28505568684
8.08296355359
6.94185903783
6.68610144681
7.29908508724
5.43719294179
8.02697873735
8.54341731305
6.89902525438
7.51495759491
7.15660565932
4.98162979372
7.9362264565
6.76194250284
7.69494826694
7.44657110914
7.69312957793
6.00112381317
6.72824790006
9.0322601898
7.73865660517
6.92985132831
6.40086685487
5.90080987322
7.38573635218
6.58515085012
6.57836076964
5.98586387142
6.40879648122
8.12472968864
9.25480666554
6.3912991722
6.63215253562
7.04507632032
6.81055552051
9.50450618226
7.60939373312
7.98146159714
6.57230684477
5.72829230155
6.47496039866
6.81269419492
8.05493298571
7.73854026395
10.3290710927
6.38382510826
7.76128443191
8.24962986702
7.12095749527
10.2219397337
6.78467345378
8.58895618729
4.79216465379
7.46548188468
6.97646774242
5.48821292597
7.07592825264
11.3014027202
6.26546653833
7.37726373008
8.02911467178
8.3380470297
7.72278065209
7.13468646335
6.45165758398
6.62887265745
6.77842074374
8.34202564099
7.05879494568
7.47991743403
7.34818690181
8.62611618802
8.00929159488
6.43213192015
9.38037509431
5.40005837691
6.56003578153
10.3240425023
6.45370457941
7.83284186515
6.28192795942
7.33581895903
6.81556685846
7.05342479612
8.81113912273
10.2239088883
8.98926009703
7.75463525031
8.09783343158
7.34284284105
6.3603893716
8.44924497107
7.0784273239
8.35477231082
6.56574930918
7.1624020526
10.2750284198
7.0139358522
7.50437887356
7.49048651354
7.12671286056
7.28928981753
8.05632007915
7.76687780082
7.37952877402
7.4728130518
8.00205155287
7.90368929625
6.63466634327
6.64385103143
9.68358240025
8.89101687418
7.01474519868
7.2849474436
5.52517909745
6.61927962935
6.31401476408
6.72319017888
10.1831584247
7.23709123535
7.84309656402
7.0117409468
7.97615722322
9.77043413922
6.39296784131
6.29305927614
8.05180571531
8.73265832829
9.3455769277
8.52297777724
7.0107749671
6.10620978881
7.86400305689
6.74970853001
7.3734590994
7.58732290851
6.40850219457
6.33291904776
6.41528054847
7.27282413099
8.42883200523
9.02418249603
7.46599641607
9.60657712561
7.34988230321
5.35042812466
9.57975180082
7.95193433666
10.1852842231
5.8197218742
9.20438953226
6.05044543336
6.00354970459
7.69169485926
9.80789986514
7.82621997944
7.95426845654
7.135359603
7.21065138859
7.00081255169
10.2257828857
6.67309800742
6.84378754347
7.13202604528
7.60796255817
8.9397945824
6.47471600292
7.32188854054
7.36778056714
8.16130882586
7.48259976687
7.13475947114
7.5728264813
8.41268232206
6.6838731961
6.88845641733
8.91227479883
7.3956787756
9.85916500589
6.3321909736
7.63736950872
6.39062210181
8.23343840125
6.92035101964
7.928168865
8.28812632253
7.77048555684
7.48168382081
6.77492028695
9.09116551266
7.87981823843
7.84965827498
9.73759150075
6.16534444711
8.10865669422
6.88237765626
9.08089865632
6.84513781112
6.31524362411
7.28077989926
6.47704376226
8.39164960913
6.88833858723
9.75404619296
7.63227682687
7.03868901112
7.89057680016
8.37391865326
6.39578864274
8.95356629875
6.64400914491
7.01203488235
5.92956406412
7.19112494915
9.06182901888
6.81368181661
7.0155139438
7.47768404182
7.16691583865
6.87033556056
7.6584752562
7.33490118239
7.04817227594
8.49010195805
7.61844530923
6.42590430053
8.18555235035
6.42935544554
7.00147734342
8.63903272381
7.51991130492
7.56684775121
6.80736380127
6.36954694934
9.54384651871
6.34775861245
5.96395165238
7.90149657161
7.58105045187
7.01948167217
7.04172813494
5.85434322611
7.39367693627
8.1276843496
6.33598884162
7.44500412836
10.8754349306
8.03366979752
5.99205151059
7.1286881501
7.33034814988
6.99792831321
8.16821979663
10.8918467928
8.16751226481
8.0545250698
7.37171054278
7.35356672144
6.51025533898
6.94310865116
7.43737405878
8.7009492979
6.14795103269
7.45168771847
7.06454046717
6.93338103337
7.79628164734
7.6122525486
7.32349805278
6.82197812034
6.94680203741
7.55264887341
9.69595969222
7.58417080503
9.83269884225
6.29133914004
6.44139066925
7.03571198525
5.90192085381
9.55856586228
7.04723803947
8.16699082073
6.5788377297
5.46543104105
8.83013420812
7.33427465101
9.0717922803
8.92100148281
6.2516894108
5.16891032779
10.5031942716
6.68523240041
7.61323346627
7.6167879754
7.86662517395
7.00986604416
7.24747701592
7.74659657816
7.33645181742
6.9914523598
8.71588179167
6.61574344999
7.6201377466
6.20945018089
7.74868740229
6.87112849738
7.58456975268
7.97647246543
7.64551191887
7.53590733896
5.66470260735
7.88561035832
8.48680702417
8.59215996667
6.99294414885
10.5918675118
7.73806138073
5.85690230975
7.41897437751
5.76106887982
9.04782573427
7.30976809024
8.69295067334
5.89148402998
7.57759679757
7.17066632462
6.98993274279
6.44899197883
10.7213735096
6.62211496519
7.89776266271
9.9027286241
7.48205780173
7.2676624112
6.20045583806
7.42490655207
7.04445216931
7.81514992224
8.46280595333
7.96228625914
8.08982032041
6.69642206141
6.44495494758
7.60503610708
7.04460951659
4.78168694678
8.68645455504
6.39026451789
7.21813153725
9.26944614206
6.4891872784
6.69240256062
6.64266633966
4.5983828123
7.53361082117
8.28436880875
6.48643045255
7.66613156302
7.5900891463
7.47025300763
6.30931544174
7.45379347238
9.33945289809
7.85627896213
6.39057406964
6.3441001651
6.66296429578
7.29010986209
6.90750644366
9.70812559217
7.34182872819
7.26096023639
5.70064973346
8.70267522804
7.26193362847
7.09243398271
6.86575797086
7.87570535109
6.9267361084
6.98595074463
7.28843164191
7.03555860979
7.09476443267
8.12598092276
7.21679622506
6.28163963139
5.61745621955
6.46164037921
10.1573181449
6.76512010793
7.83560279813
8.35430258199
8.38791268072
5.40312761327
6.48370022534
9.63448767535
7.53851816903
7.7686572587
8.59006975678
8.33716505738
7.61186562927
8.12089890701
6.28948418009
6.6993978562
9.41179269944
7.92368641761
6.83203914572
7.82373872161
8.48278977846
7.89961090296
8.77052130466
10.1179654217
6.95491509617
6.63507416101
5.54331151118
7.86667481455
6.66532791144
4.96314909516
6.96533957304
6.62491842843
5.49600662941
8.27669450187
7.44092876719
8.20787739632
7.25620210414
7.7442501514
8.12260693907
7.19062640272
7.67123537966
6.36347030124
8.04769967003
6.77310148901
8.04018208746
5.62301858302
7.66617952503
6.68353000635
10.7023583823
7.7208327622
6.21396671434
7.09243825457
6.48939080151
7.4756785168
7.67546106505
7.44099164412
9.00205353148
6.99316354766
7.15227335899
5.9319346303
7.96716689025
6.27707862983
6.91514316753
7.05743477519
7.61398016575
6.84896451206
7.5415818059
7.12537845543
8.65507064442
7.06484342298
9.84990240553
6.58173584945
6.03284268086
6.84115371038
6.12112161026
6.6308493496
5.59304927707
6.8314846863
4.78267759526
5.24024801137
8.0447071809
7.25725330015
7.12715891424
6.87422147913
6.8284549945
6.82666539649
6.66089020732
7.85614935124
8.85127396407
5.56140762623
7.74261798181
7.04116261858
8.69008147815
7.33717800994
10.6542085909
7.98451772778
7.67781640765
8.89093847705
6.74029105442
9.15748651739
6.93209697262
7.84254205589
9.22859569137
7.5515202757
7.20791988308
7.04561014502
9.10544768208
7.26664553223
7.15916596552
6.47385869413
6.83665230176
6.9893087066
9.14092933473
7.48249263672
7.41038845737
7.50480442987
6.56018952554
8.92735883598
5.32102570077
9.02434620838
6.57561658489
8.28357984394
7.65843543712
7.31609275208
10.972817724
7.79429316913
8.38935869003
6.53042317092
7.24524492458
6.63865322741
4.8100641421
5.70566912706
6.92485038636
6.2828591026
6.06395411177
7.59618683567
6.37801791303
7.03638358827
7.55132271084
5.20805323617
7.71482046506
6.67109108193
6.29130794799
5.40650183668
7.18713222731
7.40782100046
8.33285751914
6.21122217143
7.95807643983
8.26967037132
6.34886226322
6.67085284177
7.4974991756
6.95273141222
7.66588042684
5.68043613549
6.5116740156
6.96236203879
7.70197993117
8.19220020821
6.69292805108
7.82275196309
8.30780700397
6.59136686359
6.67097971205
6.13114416562
7.7742224722
7.30708093316
7.42606933217
7.4049239732
8.64115478172
5.82854428279
6.14217445399
7.96443980046
7.38430327003
6.88758092606
8.01857807608
6.71674454662
7.19889874591
9.43032259685
6.89454138721
7.46387531501
6.89485252519
6.52945220796
5.38457934009
6.18588585378
7.14698226771
8.70679300648
8.95616050514
6.43284829677
6.89618382894
6.40319022269
7.38880203427
8.17065386952
6.58985689877
6.45203711453
7.49881608768
8.64601334168
6.38886063494
5.66712418625
7.29981169711
7.67703669851
10.2415476005
8.5648269637
7.93663245687
7.20926126965
5.27488897243
7.40450255063
6.14895648734
6.71616568818
6.78147365464
7.02117057368
7.70197723269
6.5217748701
9.0216500776
5.80590193734
7.96878846922
5.84861001089
8.00213709094
5.41481122748
8.37846443799
6.95610369276
8.13659242258
6.82175554103
6.46894313248
7.72270882681
6.55043359925
8.36802094881
6.91195442923
7.97740220307
8.89327342056
6.81500820766
8.45200810078
11.5179172158
6.7725471679
9.77888171146
7.21401186313
7.97275811341
9.82262164517
8.38030954329
8.02496593013
6.87057571739
9.53503378544
6.17954346543
7.70187225559
7.11053751519
7.74425778249
8.10694003817
5.55795742185
7.56645988165
7.90449995948
6.59926986351
8.22532783114
8.17348823318
6.99275964634
8.32101351493
7.50454199683
7.92545056172
6.21589618496
6.72443171354
11.2899948371
10.35428631
6.97765591162
6.26388784564
6.54323800917
7.37222848151
5.99697527754
9.36791371433
7.56997538744
7.43121957984
6.60901542275
7.68594544747
6.46559343267
7.56392417477
7.82531402147
7.36134320479
5.72606690187
9.40451544651
7.65225010388
7.61923998709
7.54163364608
7.54344106163
9.63466930726
7.36213680422
7.37839915152
8.36278162832
7.92774894835
7.29204890973
6.813811016
6.9482412778
7.7478968316
8.37106205676
7.43433241329
7.96496043787
9.52939664676
7.41188562929
6.30389297427
7.91640867052
6.93561754049
7.93912996946
6.0771300865
6.73867032473
5.05271065782
7.90060377899
7.54753350354
7.44048854697
9.42519094402
9.87605419078
7.57032775907
6.17486523492
6.25743383023
8.97095033892
6.78604262112
6.95850067057
8.17514365735
6.79498353588
7.66462019708
9.67628335635
6.98487422437
7.24613249965
8.18824159986
7.61372494019
7.08129720354
7.36460005085
8.29652214473
8.32632780822
8.06154997642
7.18926358567
8.04583290793
5.49948981145
5.72927855248
7.34429451414
7.89333144241
7.1927745081
8.71400426021
9.9946794563
7.87349211856
7.20464655341
6.03170664159
7.17846258108
6.34450716774
7.18095120476
8.40292195548
7.0160492564
7.45391866193
6.90459943471
6.03988982467
6.38970139371
7.48891516734
7.29351140884
7.03313082585
7.94239905498
7.4519760774
5.895707186
5.44646602792
6.79655231133
7.35016119621
8.57272724248
7.75015777193
7.28766607633
8.08657110919
4.99517115471
7.16459220663
7.14903383198
7.14899181627
8.1289826419
8.42213460072
5.68191239356
6.65431383959
7.28666297121
7.5530713926
6.58583875682
5.69195683093
9.52983490867
6.75016843633
5.74827824952
9.29507303367
6.18780754608
9.8380855281
6.89181439164
7.91027673903
7.53155257647
5.32931133574
6.769385396
5.6807920301
6.02815072556
6.0545444313
7.97314872388
9.10175728294
8.54127301395
6.73815426955
6.83668501312
6.04516734557
6.48200274063
5.29978980838
6.79339376195
6.75180441244
7.35213938598
7.29027026064
6.97369612311
7.19890217554
6.91337798947
7.43645762669
6.0269316718
6.56303279921
9.1647133239
6.82001914696
7.0767607265
6.30115503563
7.70641383292
6.57833990334
9.17098987553
6.76312614333
6.1857413994
6.82490637399
7.61997412089
8.19715773557
8.67110270271
8.23521689382
12.6647088505
6.48479985536
7.24518297291
7.60500535354
8.50147669313
7.853585973
7.44419008321
6.10286377666
8.70041690078
6.75251730349
5.66790104522
5.32856625442
6.72050733781
5.71030594654
6.25552329574
8.38848372928
6.60639105787
7.24846257936
9.40505299226
8.72392774172
8.18589340699
6.94635582678
7.11726390843
7.07437459672
9.63675709193
7.64913756011
6.81665291968
7.17157808998
6.70583458326
6.80419188102
